1.57 1.57 1.57
1.57 1.57 2.3525
1.57 1.57 3.135
1.57 1.57 3.9175000000000004
1.57 1.57 4.7
1.57 3.135 1.57
1.57 3.135 2.3525
1.57 3.135 3.135
1.57 3.135 3.9175000000000004
1.57 3.135 4.7
1.57 4.7 1.57
1.57 4.7 2.3525
1.57 4.7 3.135
1.57 4.7 3.9175000000000004
1.57 4.7 4.7
2.3525 1.57 1.57
2.3525 1.57 2.3525
2.3525 1.57 3.135
2.3525 1.57 3.9175000000000004
2.3525 1.57 4.7
2.3525 3.135 1.57
2.3525 3.135 2.3525
2.3525 3.135 3.135
2.3525 3.135 3.9175000000000004
2.3525 3.135 4.7
2.3525 4.7 1.57
2.3525 4.7 2.3525
2.3525 4.7 3.135
2.3525 4.7 3.9175000000000004
2.3525 4.7 4.7
3.135 1.57 1.57
3.135 1.57 2.3525
3.135 1.57 3.135
3.135 1.57 3.9175000000000004
3.135 1.57 4.7
3.135 3.135 1.57
3.135 3.135 2.3525
3.135 3.135 3.135
3.135 3.135 3.9175000000000004
3.135 3.135 4.7
3.135 4.7 1.57
3.135 4.7 2.3525
3.135 4.7 3.135
3.135 4.7 3.9175000000000004
3.135 4.7 4.7
3.9175000000000004 1.57 1.57
3.9175000000000004 1.57 2.3525
3.9175000000000004 1.57 3.135
3.9175000000000004 1.57 3.9175000000000004
3.9175000000000004 1.57 4.7
3.9175000000000004 3.135 1.57
3.9175000000000004 3.135 2.3525
3.9175000000000004 3.135 3.135
3.9175000000000004 3.135 3.9175000000000004
3.9175000000000004 3.135 4.7
3.9175000000000004 4.7 1.57
3.9175000000000004 4.7 2.3525
3.9175000000000004 4.7 3.135
3.9175000000000004 4.7 3.9175000000000004
3.9175000000000004 4.7 4.7
4.7 1.57 1.57
4.7 1.57 2.3525
4.7 1.57 3.135
4.7 1.57 3.9175000000000004
4.7 1.57 4.7
4.7 3.135 1.57
4.7 3.135 2.3525
4.7 3.135 3.135
4.7 3.135 3.9175000000000004
4.7 3.135 4.7
4.7 4.7 1.57
4.7 4.7 2.3525
4.7 4.7 3.135
4.7 4.7 3.9175000000000004
4.7 4.7 4.7
