0.000000000000000000e+00 0.000000000000000000e+00 0.000000000000000000e+00
6.981317400932312012e-01 0.000000000000000000e+00 0.000000000000000000e+00
1.396263480186462402e+00 0.000000000000000000e+00 0.000000000000000000e+00
2.094395160675048828e+00 0.000000000000000000e+00 0.000000000000000000e+00
2.792526960372924805e+00 0.000000000000000000e+00 0.000000000000000000e+00
3.490658760070800781e+00 0.000000000000000000e+00 0.000000000000000000e+00
4.188790321350097656e+00 0.000000000000000000e+00 0.000000000000000000e+00
4.886922359466552734e+00 0.000000000000000000e+00 0.000000000000000000e+00
5.585053920745849609e+00 0.000000000000000000e+00 0.000000000000000000e+00
6.283185482025146484e+00 0.000000000000000000e+00 0.000000000000000000e+00
0.000000000000000000e+00 6.981317400932312012e-01 0.000000000000000000e+00
6.981317400932312012e-01 6.981317400932312012e-01 0.000000000000000000e+00
1.396263480186462402e+00 6.981317400932312012e-01 0.000000000000000000e+00
2.094395160675048828e+00 6.981317400932312012e-01 0.000000000000000000e+00
2.792526960372924805e+00 6.981317400932312012e-01 0.000000000000000000e+00
3.490658760070800781e+00 6.981317400932312012e-01 0.000000000000000000e+00
4.188790321350097656e+00 6.981317400932312012e-01 0.000000000000000000e+00
4.886922359466552734e+00 6.981317400932312012e-01 0.000000000000000000e+00
5.585053920745849609e+00 6.981317400932312012e-01 0.000000000000000000e+00
6.283185482025146484e+00 6.981317400932312012e-01 0.000000000000000000e+00
0.000000000000000000e+00 1.396263480186462402e+00 0.000000000000000000e+00
6.981317400932312012e-01 1.396263480186462402e+00 0.000000000000000000e+00
1.396263480186462402e+00 1.396263480186462402e+00 0.000000000000000000e+00
2.094395160675048828e+00 1.396263480186462402e+00 0.000000000000000000e+00
2.792526960372924805e+00 1.396263480186462402e+00 0.000000000000000000e+00
3.490658760070800781e+00 1.396263480186462402e+00 0.000000000000000000e+00
4.188790321350097656e+00 1.396263480186462402e+00 0.000000000000000000e+00
4.886922359466552734e+00 1.396263480186462402e+00 0.000000000000000000e+00
5.585053920745849609e+00 1.396263480186462402e+00 0.000000000000000000e+00
6.283185482025146484e+00 1.396263480186462402e+00 0.000000000000000000e+00
0.000000000000000000e+00 2.094395160675048828e+00 0.000000000000000000e+00
6.981317400932312012e-01 2.094395160675048828e+00 0.000000000000000000e+00
1.396263480186462402e+00 2.094395160675048828e+00 0.000000000000000000e+00
2.094395160675048828e+00 2.094395160675048828e+00 0.000000000000000000e+00
2.792526960372924805e+00 2.094395160675048828e+00 0.000000000000000000e+00
3.490658760070800781e+00 2.094395160675048828e+00 0.000000000000000000e+00
4.188790321350097656e+00 2.094395160675048828e+00 0.000000000000000000e+00
4.886922359466552734e+00 2.094395160675048828e+00 0.000000000000000000e+00
5.585053920745849609e+00 2.094395160675048828e+00 0.000000000000000000e+00
6.283185482025146484e+00 2.094395160675048828e+00 0.000000000000000000e+00
0.000000000000000000e+00 2.792526960372924805e+00 0.000000000000000000e+00
6.981317400932312012e-01 2.792526960372924805e+00 0.000000000000000000e+00
1.396263480186462402e+00 2.792526960372924805e+00 0.000000000000000000e+00
2.094395160675048828e+00 2.792526960372924805e+00 0.000000000000000000e+00
2.792526960372924805e+00 2.792526960372924805e+00 0.000000000000000000e+00
3.490658760070800781e+00 2.792526960372924805e+00 0.000000000000000000e+00
4.188790321350097656e+00 2.792526960372924805e+00 0.000000000000000000e+00
4.886922359466552734e+00 2.792526960372924805e+00 0.000000000000000000e+00
5.585053920745849609e+00 2.792526960372924805e+00 0.000000000000000000e+00
6.283185482025146484e+00 2.792526960372924805e+00 0.000000000000000000e+00
0.000000000000000000e+00 3.490658760070800781e+00 0.000000000000000000e+00
6.981317400932312012e-01 3.490658760070800781e+00 0.000000000000000000e+00
1.396263480186462402e+00 3.490658760070800781e+00 0.000000000000000000e+00
2.094395160675048828e+00 3.490658760070800781e+00 0.000000000000000000e+00
2.792526960372924805e+00 3.490658760070800781e+00 0.000000000000000000e+00
3.490658760070800781e+00 3.490658760070800781e+00 0.000000000000000000e+00
4.188790321350097656e+00 3.490658760070800781e+00 0.000000000000000000e+00
4.886922359466552734e+00 3.490658760070800781e+00 0.000000000000000000e+00
5.585053920745849609e+00 3.490658760070800781e+00 0.000000000000000000e+00
6.283185482025146484e+00 3.490658760070800781e+00 0.000000000000000000e+00
0.000000000000000000e+00 4.188790321350097656e+00 0.000000000000000000e+00
6.981317400932312012e-01 4.188790321350097656e+00 0.000000000000000000e+00
1.396263480186462402e+00 4.188790321350097656e+00 0.000000000000000000e+00
2.094395160675048828e+00 4.188790321350097656e+00 0.000000000000000000e+00
2.792526960372924805e+00 4.188790321350097656e+00 0.000000000000000000e+00
3.490658760070800781e+00 4.188790321350097656e+00 0.000000000000000000e+00
4.188790321350097656e+00 4.188790321350097656e+00 0.000000000000000000e+00
4.886922359466552734e+00 4.188790321350097656e+00 0.000000000000000000e+00
5.585053920745849609e+00 4.188790321350097656e+00 0.000000000000000000e+00
6.283185482025146484e+00 4.188790321350097656e+00 0.000000000000000000e+00
0.000000000000000000e+00 4.886922359466552734e+00 0.000000000000000000e+00
6.981317400932312012e-01 4.886922359466552734e+00 0.000000000000000000e+00
1.396263480186462402e+00 4.886922359466552734e+00 0.000000000000000000e+00
2.094395160675048828e+00 4.886922359466552734e+00 0.000000000000000000e+00
2.792526960372924805e+00 4.886922359466552734e+00 0.000000000000000000e+00
3.490658760070800781e+00 4.886922359466552734e+00 0.000000000000000000e+00
4.188790321350097656e+00 4.886922359466552734e+00 0.000000000000000000e+00
4.886922359466552734e+00 4.886922359466552734e+00 0.000000000000000000e+00
5.585053920745849609e+00 4.886922359466552734e+00 0.000000000000000000e+00
6.283185482025146484e+00 4.886922359466552734e+00 0.000000000000000000e+00
0.000000000000000000e+00 5.585053920745849609e+00 0.000000000000000000e+00
6.981317400932312012e-01 5.585053920745849609e+00 0.000000000000000000e+00
1.396263480186462402e+00 5.585053920745849609e+00 0.000000000000000000e+00
2.094395160675048828e+00 5.585053920745849609e+00 0.000000000000000000e+00
2.792526960372924805e+00 5.585053920745849609e+00 0.000000000000000000e+00
3.490658760070800781e+00 5.585053920745849609e+00 0.000000000000000000e+00
4.188790321350097656e+00 5.585053920745849609e+00 0.000000000000000000e+00
4.886922359466552734e+00 5.585053920745849609e+00 0.000000000000000000e+00
5.585053920745849609e+00 5.585053920745849609e+00 0.000000000000000000e+00
6.283185482025146484e+00 5.585053920745849609e+00 0.000000000000000000e+00
0.000000000000000000e+00 6.283185482025146484e+00 0.000000000000000000e+00
6.981317400932312012e-01 6.283185482025146484e+00 0.000000000000000000e+00
1.396263480186462402e+00 6.283185482025146484e+00 0.000000000000000000e+00
2.094395160675048828e+00 6.283185482025146484e+00 0.000000000000000000e+00
2.792526960372924805e+00 6.283185482025146484e+00 0.000000000000000000e+00
3.490658760070800781e+00 6.283185482025146484e+00 0.000000000000000000e+00
4.188790321350097656e+00 6.283185482025146484e+00 0.000000000000000000e+00
4.886922359466552734e+00 6.283185482025146484e+00 0.000000000000000000e+00
5.585053920745849609e+00 6.283185482025146484e+00 0.000000000000000000e+00
6.283185482025146484e+00 6.283185482025146484e+00 0.000000000000000000e+00
0.000000000000000000e+00 0.000000000000000000e+00 6.981317400932312012e-01
6.981317400932312012e-01 0.000000000000000000e+00 6.981317400932312012e-01
1.396263480186462402e+00 0.000000000000000000e+00 6.981317400932312012e-01
2.094395160675048828e+00 0.000000000000000000e+00 6.981317400932312012e-01
2.792526960372924805e+00 0.000000000000000000e+00 6.981317400932312012e-01
3.490658760070800781e+00 0.000000000000000000e+00 6.981317400932312012e-01
4.188790321350097656e+00 0.000000000000000000e+00 6.981317400932312012e-01
4.886922359466552734e+00 0.000000000000000000e+00 6.981317400932312012e-01
5.585053920745849609e+00 0.000000000000000000e+00 6.981317400932312012e-01
6.283185482025146484e+00 0.000000000000000000e+00 6.981317400932312012e-01
0.000000000000000000e+00 6.981317400932312012e-01 6.981317400932312012e-01
6.981317400932312012e-01 6.981317400932312012e-01 6.981317400932312012e-01
1.396263480186462402e+00 6.981317400932312012e-01 6.981317400932312012e-01
2.094395160675048828e+00 6.981317400932312012e-01 6.981317400932312012e-01
2.792526960372924805e+00 6.981317400932312012e-01 6.981317400932312012e-01
3.490658760070800781e+00 6.981317400932312012e-01 6.981317400932312012e-01
4.188790321350097656e+00 6.981317400932312012e-01 6.981317400932312012e-01
4.886922359466552734e+00 6.981317400932312012e-01 6.981317400932312012e-01
5.585053920745849609e+00 6.981317400932312012e-01 6.981317400932312012e-01
6.283185482025146484e+00 6.981317400932312012e-01 6.981317400932312012e-01
0.000000000000000000e+00 1.396263480186462402e+00 6.981317400932312012e-01
6.981317400932312012e-01 1.396263480186462402e+00 6.981317400932312012e-01
1.396263480186462402e+00 1.396263480186462402e+00 6.981317400932312012e-01
2.094395160675048828e+00 1.396263480186462402e+00 6.981317400932312012e-01
2.792526960372924805e+00 1.396263480186462402e+00 6.981317400932312012e-01
3.490658760070800781e+00 1.396263480186462402e+00 6.981317400932312012e-01
4.188790321350097656e+00 1.396263480186462402e+00 6.981317400932312012e-01
4.886922359466552734e+00 1.396263480186462402e+00 6.981317400932312012e-01
5.585053920745849609e+00 1.396263480186462402e+00 6.981317400932312012e-01
6.283185482025146484e+00 1.396263480186462402e+00 6.981317400932312012e-01
0.000000000000000000e+00 2.094395160675048828e+00 6.981317400932312012e-01
6.981317400932312012e-01 2.094395160675048828e+00 6.981317400932312012e-01
1.396263480186462402e+00 2.094395160675048828e+00 6.981317400932312012e-01
2.094395160675048828e+00 2.094395160675048828e+00 6.981317400932312012e-01
2.792526960372924805e+00 2.094395160675048828e+00 6.981317400932312012e-01
3.490658760070800781e+00 2.094395160675048828e+00 6.981317400932312012e-01
4.188790321350097656e+00 2.094395160675048828e+00 6.981317400932312012e-01
4.886922359466552734e+00 2.094395160675048828e+00 6.981317400932312012e-01
5.585053920745849609e+00 2.094395160675048828e+00 6.981317400932312012e-01
6.283185482025146484e+00 2.094395160675048828e+00 6.981317400932312012e-01
0.000000000000000000e+00 2.792526960372924805e+00 6.981317400932312012e-01
6.981317400932312012e-01 2.792526960372924805e+00 6.981317400932312012e-01
1.396263480186462402e+00 2.792526960372924805e+00 6.981317400932312012e-01
2.094395160675048828e+00 2.792526960372924805e+00 6.981317400932312012e-01
2.792526960372924805e+00 2.792526960372924805e+00 6.981317400932312012e-01
3.490658760070800781e+00 2.792526960372924805e+00 6.981317400932312012e-01
4.188790321350097656e+00 2.792526960372924805e+00 6.981317400932312012e-01
4.886922359466552734e+00 2.792526960372924805e+00 6.981317400932312012e-01
5.585053920745849609e+00 2.792526960372924805e+00 6.981317400932312012e-01
6.283185482025146484e+00 2.792526960372924805e+00 6.981317400932312012e-01
0.000000000000000000e+00 3.490658760070800781e+00 6.981317400932312012e-01
6.981317400932312012e-01 3.490658760070800781e+00 6.981317400932312012e-01
1.396263480186462402e+00 3.490658760070800781e+00 6.981317400932312012e-01
2.094395160675048828e+00 3.490658760070800781e+00 6.981317400932312012e-01
2.792526960372924805e+00 3.490658760070800781e+00 6.981317400932312012e-01
3.490658760070800781e+00 3.490658760070800781e+00 6.981317400932312012e-01
4.188790321350097656e+00 3.490658760070800781e+00 6.981317400932312012e-01
4.886922359466552734e+00 3.490658760070800781e+00 6.981317400932312012e-01
5.585053920745849609e+00 3.490658760070800781e+00 6.981317400932312012e-01
6.283185482025146484e+00 3.490658760070800781e+00 6.981317400932312012e-01
0.000000000000000000e+00 4.188790321350097656e+00 6.981317400932312012e-01
6.981317400932312012e-01 4.188790321350097656e+00 6.981317400932312012e-01
1.396263480186462402e+00 4.188790321350097656e+00 6.981317400932312012e-01
2.094395160675048828e+00 4.188790321350097656e+00 6.981317400932312012e-01
2.792526960372924805e+00 4.188790321350097656e+00 6.981317400932312012e-01
3.490658760070800781e+00 4.188790321350097656e+00 6.981317400932312012e-01
4.188790321350097656e+00 4.188790321350097656e+00 6.981317400932312012e-01
4.886922359466552734e+00 4.188790321350097656e+00 6.981317400932312012e-01
5.585053920745849609e+00 4.188790321350097656e+00 6.981317400932312012e-01
6.283185482025146484e+00 4.188790321350097656e+00 6.981317400932312012e-01
0.000000000000000000e+00 4.886922359466552734e+00 6.981317400932312012e-01
6.981317400932312012e-01 4.886922359466552734e+00 6.981317400932312012e-01
1.396263480186462402e+00 4.886922359466552734e+00 6.981317400932312012e-01
2.094395160675048828e+00 4.886922359466552734e+00 6.981317400932312012e-01
2.792526960372924805e+00 4.886922359466552734e+00 6.981317400932312012e-01
3.490658760070800781e+00 4.886922359466552734e+00 6.981317400932312012e-01
4.188790321350097656e+00 4.886922359466552734e+00 6.981317400932312012e-01
4.886922359466552734e+00 4.886922359466552734e+00 6.981317400932312012e-01
5.585053920745849609e+00 4.886922359466552734e+00 6.981317400932312012e-01
6.283185482025146484e+00 4.886922359466552734e+00 6.981317400932312012e-01
0.000000000000000000e+00 5.585053920745849609e+00 6.981317400932312012e-01
6.981317400932312012e-01 5.585053920745849609e+00 6.981317400932312012e-01
1.396263480186462402e+00 5.585053920745849609e+00 6.981317400932312012e-01
2.094395160675048828e+00 5.585053920745849609e+00 6.981317400932312012e-01
2.792526960372924805e+00 5.585053920745849609e+00 6.981317400932312012e-01
3.490658760070800781e+00 5.585053920745849609e+00 6.981317400932312012e-01
4.188790321350097656e+00 5.585053920745849609e+00 6.981317400932312012e-01
4.886922359466552734e+00 5.585053920745849609e+00 6.981317400932312012e-01
5.585053920745849609e+00 5.585053920745849609e+00 6.981317400932312012e-01
6.283185482025146484e+00 5.585053920745849609e+00 6.981317400932312012e-01
0.000000000000000000e+00 6.283185482025146484e+00 6.981317400932312012e-01
6.981317400932312012e-01 6.283185482025146484e+00 6.981317400932312012e-01
1.396263480186462402e+00 6.283185482025146484e+00 6.981317400932312012e-01
2.094395160675048828e+00 6.283185482025146484e+00 6.981317400932312012e-01
2.792526960372924805e+00 6.283185482025146484e+00 6.981317400932312012e-01
3.490658760070800781e+00 6.283185482025146484e+00 6.981317400932312012e-01
4.188790321350097656e+00 6.283185482025146484e+00 6.981317400932312012e-01
4.886922359466552734e+00 6.283185482025146484e+00 6.981317400932312012e-01
5.585053920745849609e+00 6.283185482025146484e+00 6.981317400932312012e-01
6.283185482025146484e+00 6.283185482025146484e+00 6.981317400932312012e-01
0.000000000000000000e+00 0.000000000000000000e+00 1.396263480186462402e+00
6.981317400932312012e-01 0.000000000000000000e+00 1.396263480186462402e+00
1.396263480186462402e+00 0.000000000000000000e+00 1.396263480186462402e+00
2.094395160675048828e+00 0.000000000000000000e+00 1.396263480186462402e+00
2.792526960372924805e+00 0.000000000000000000e+00 1.396263480186462402e+00
3.490658760070800781e+00 0.000000000000000000e+00 1.396263480186462402e+00
4.188790321350097656e+00 0.000000000000000000e+00 1.396263480186462402e+00
4.886922359466552734e+00 0.000000000000000000e+00 1.396263480186462402e+00
5.585053920745849609e+00 0.000000000000000000e+00 1.396263480186462402e+00
6.283185482025146484e+00 0.000000000000000000e+00 1.396263480186462402e+00
0.000000000000000000e+00 6.981317400932312012e-01 1.396263480186462402e+00
6.981317400932312012e-01 6.981317400932312012e-01 1.396263480186462402e+00
1.396263480186462402e+00 6.981317400932312012e-01 1.396263480186462402e+00
2.094395160675048828e+00 6.981317400932312012e-01 1.396263480186462402e+00
2.792526960372924805e+00 6.981317400932312012e-01 1.396263480186462402e+00
3.490658760070800781e+00 6.981317400932312012e-01 1.396263480186462402e+00
4.188790321350097656e+00 6.981317400932312012e-01 1.396263480186462402e+00
4.886922359466552734e+00 6.981317400932312012e-01 1.396263480186462402e+00
5.585053920745849609e+00 6.981317400932312012e-01 1.396263480186462402e+00
6.283185482025146484e+00 6.981317400932312012e-01 1.396263480186462402e+00
0.000000000000000000e+00 1.396263480186462402e+00 1.396263480186462402e+00
6.981317400932312012e-01 1.396263480186462402e+00 1.396263480186462402e+00
1.396263480186462402e+00 1.396263480186462402e+00 1.396263480186462402e+00
2.094395160675048828e+00 1.396263480186462402e+00 1.396263480186462402e+00
2.792526960372924805e+00 1.396263480186462402e+00 1.396263480186462402e+00
3.490658760070800781e+00 1.396263480186462402e+00 1.396263480186462402e+00
4.188790321350097656e+00 1.396263480186462402e+00 1.396263480186462402e+00
4.886922359466552734e+00 1.396263480186462402e+00 1.396263480186462402e+00
5.585053920745849609e+00 1.396263480186462402e+00 1.396263480186462402e+00
6.283185482025146484e+00 1.396263480186462402e+00 1.396263480186462402e+00
0.000000000000000000e+00 2.094395160675048828e+00 1.396263480186462402e+00
6.981317400932312012e-01 2.094395160675048828e+00 1.396263480186462402e+00
1.396263480186462402e+00 2.094395160675048828e+00 1.396263480186462402e+00
2.094395160675048828e+00 2.094395160675048828e+00 1.396263480186462402e+00
2.792526960372924805e+00 2.094395160675048828e+00 1.396263480186462402e+00
3.490658760070800781e+00 2.094395160675048828e+00 1.396263480186462402e+00
4.188790321350097656e+00 2.094395160675048828e+00 1.396263480186462402e+00
4.886922359466552734e+00 2.094395160675048828e+00 1.396263480186462402e+00
5.585053920745849609e+00 2.094395160675048828e+00 1.396263480186462402e+00
6.283185482025146484e+00 2.094395160675048828e+00 1.396263480186462402e+00
0.000000000000000000e+00 2.792526960372924805e+00 1.396263480186462402e+00
6.981317400932312012e-01 2.792526960372924805e+00 1.396263480186462402e+00
1.396263480186462402e+00 2.792526960372924805e+00 1.396263480186462402e+00
2.094395160675048828e+00 2.792526960372924805e+00 1.396263480186462402e+00
2.792526960372924805e+00 2.792526960372924805e+00 1.396263480186462402e+00
3.490658760070800781e+00 2.792526960372924805e+00 1.396263480186462402e+00
4.188790321350097656e+00 2.792526960372924805e+00 1.396263480186462402e+00
4.886922359466552734e+00 2.792526960372924805e+00 1.396263480186462402e+00
5.585053920745849609e+00 2.792526960372924805e+00 1.396263480186462402e+00
6.283185482025146484e+00 2.792526960372924805e+00 1.396263480186462402e+00
0.000000000000000000e+00 3.490658760070800781e+00 1.396263480186462402e+00
6.981317400932312012e-01 3.490658760070800781e+00 1.396263480186462402e+00
1.396263480186462402e+00 3.490658760070800781e+00 1.396263480186462402e+00
2.094395160675048828e+00 3.490658760070800781e+00 1.396263480186462402e+00
2.792526960372924805e+00 3.490658760070800781e+00 1.396263480186462402e+00
3.490658760070800781e+00 3.490658760070800781e+00 1.396263480186462402e+00
4.188790321350097656e+00 3.490658760070800781e+00 1.396263480186462402e+00
4.886922359466552734e+00 3.490658760070800781e+00 1.396263480186462402e+00
5.585053920745849609e+00 3.490658760070800781e+00 1.396263480186462402e+00
6.283185482025146484e+00 3.490658760070800781e+00 1.396263480186462402e+00
0.000000000000000000e+00 4.188790321350097656e+00 1.396263480186462402e+00
6.981317400932312012e-01 4.188790321350097656e+00 1.396263480186462402e+00
1.396263480186462402e+00 4.188790321350097656e+00 1.396263480186462402e+00
2.094395160675048828e+00 4.188790321350097656e+00 1.396263480186462402e+00
2.792526960372924805e+00 4.188790321350097656e+00 1.396263480186462402e+00
3.490658760070800781e+00 4.188790321350097656e+00 1.396263480186462402e+00
4.188790321350097656e+00 4.188790321350097656e+00 1.396263480186462402e+00
4.886922359466552734e+00 4.188790321350097656e+00 1.396263480186462402e+00
5.585053920745849609e+00 4.188790321350097656e+00 1.396263480186462402e+00
6.283185482025146484e+00 4.188790321350097656e+00 1.396263480186462402e+00
0.000000000000000000e+00 4.886922359466552734e+00 1.396263480186462402e+00
6.981317400932312012e-01 4.886922359466552734e+00 1.396263480186462402e+00
1.396263480186462402e+00 4.886922359466552734e+00 1.396263480186462402e+00
2.094395160675048828e+00 4.886922359466552734e+00 1.396263480186462402e+00
2.792526960372924805e+00 4.886922359466552734e+00 1.396263480186462402e+00
3.490658760070800781e+00 4.886922359466552734e+00 1.396263480186462402e+00
4.188790321350097656e+00 4.886922359466552734e+00 1.396263480186462402e+00
4.886922359466552734e+00 4.886922359466552734e+00 1.396263480186462402e+00
5.585053920745849609e+00 4.886922359466552734e+00 1.396263480186462402e+00
6.283185482025146484e+00 4.886922359466552734e+00 1.396263480186462402e+00
0.000000000000000000e+00 5.585053920745849609e+00 1.396263480186462402e+00
6.981317400932312012e-01 5.585053920745849609e+00 1.396263480186462402e+00
1.396263480186462402e+00 5.585053920745849609e+00 1.396263480186462402e+00
2.094395160675048828e+00 5.585053920745849609e+00 1.396263480186462402e+00
2.792526960372924805e+00 5.585053920745849609e+00 1.396263480186462402e+00
3.490658760070800781e+00 5.585053920745849609e+00 1.396263480186462402e+00
4.188790321350097656e+00 5.585053920745849609e+00 1.396263480186462402e+00
4.886922359466552734e+00 5.585053920745849609e+00 1.396263480186462402e+00
5.585053920745849609e+00 5.585053920745849609e+00 1.396263480186462402e+00
6.283185482025146484e+00 5.585053920745849609e+00 1.396263480186462402e+00
0.000000000000000000e+00 6.283185482025146484e+00 1.396263480186462402e+00
6.981317400932312012e-01 6.283185482025146484e+00 1.396263480186462402e+00
1.396263480186462402e+00 6.283185482025146484e+00 1.396263480186462402e+00
2.094395160675048828e+00 6.283185482025146484e+00 1.396263480186462402e+00
2.792526960372924805e+00 6.283185482025146484e+00 1.396263480186462402e+00
3.490658760070800781e+00 6.283185482025146484e+00 1.396263480186462402e+00
4.188790321350097656e+00 6.283185482025146484e+00 1.396263480186462402e+00
4.886922359466552734e+00 6.283185482025146484e+00 1.396263480186462402e+00
5.585053920745849609e+00 6.283185482025146484e+00 1.396263480186462402e+00
6.283185482025146484e+00 6.283185482025146484e+00 1.396263480186462402e+00
0.000000000000000000e+00 0.000000000000000000e+00 2.094395160675048828e+00
6.981317400932312012e-01 0.000000000000000000e+00 2.094395160675048828e+00
1.396263480186462402e+00 0.000000000000000000e+00 2.094395160675048828e+00
2.094395160675048828e+00 0.000000000000000000e+00 2.094395160675048828e+00
2.792526960372924805e+00 0.000000000000000000e+00 2.094395160675048828e+00
3.490658760070800781e+00 0.000000000000000000e+00 2.094395160675048828e+00
4.188790321350097656e+00 0.000000000000000000e+00 2.094395160675048828e+00
4.886922359466552734e+00 0.000000000000000000e+00 2.094395160675048828e+00
5.585053920745849609e+00 0.000000000000000000e+00 2.094395160675048828e+00
6.283185482025146484e+00 0.000000000000000000e+00 2.094395160675048828e+00
0.000000000000000000e+00 6.981317400932312012e-01 2.094395160675048828e+00
6.981317400932312012e-01 6.981317400932312012e-01 2.094395160675048828e+00
1.396263480186462402e+00 6.981317400932312012e-01 2.094395160675048828e+00
2.094395160675048828e+00 6.981317400932312012e-01 2.094395160675048828e+00
2.792526960372924805e+00 6.981317400932312012e-01 2.094395160675048828e+00
3.490658760070800781e+00 6.981317400932312012e-01 2.094395160675048828e+00
4.188790321350097656e+00 6.981317400932312012e-01 2.094395160675048828e+00
4.886922359466552734e+00 6.981317400932312012e-01 2.094395160675048828e+00
5.585053920745849609e+00 6.981317400932312012e-01 2.094395160675048828e+00
6.283185482025146484e+00 6.981317400932312012e-01 2.094395160675048828e+00
0.000000000000000000e+00 1.396263480186462402e+00 2.094395160675048828e+00
6.981317400932312012e-01 1.396263480186462402e+00 2.094395160675048828e+00
1.396263480186462402e+00 1.396263480186462402e+00 2.094395160675048828e+00
2.094395160675048828e+00 1.396263480186462402e+00 2.094395160675048828e+00
2.792526960372924805e+00 1.396263480186462402e+00 2.094395160675048828e+00
3.490658760070800781e+00 1.396263480186462402e+00 2.094395160675048828e+00
4.188790321350097656e+00 1.396263480186462402e+00 2.094395160675048828e+00
4.886922359466552734e+00 1.396263480186462402e+00 2.094395160675048828e+00
5.585053920745849609e+00 1.396263480186462402e+00 2.094395160675048828e+00
6.283185482025146484e+00 1.396263480186462402e+00 2.094395160675048828e+00
0.000000000000000000e+00 2.094395160675048828e+00 2.094395160675048828e+00
6.981317400932312012e-01 2.094395160675048828e+00 2.094395160675048828e+00
1.396263480186462402e+00 2.094395160675048828e+00 2.094395160675048828e+00
2.094395160675048828e+00 2.094395160675048828e+00 2.094395160675048828e+00
2.792526960372924805e+00 2.094395160675048828e+00 2.094395160675048828e+00
3.490658760070800781e+00 2.094395160675048828e+00 2.094395160675048828e+00
4.188790321350097656e+00 2.094395160675048828e+00 2.094395160675048828e+00
4.886922359466552734e+00 2.094395160675048828e+00 2.094395160675048828e+00
5.585053920745849609e+00 2.094395160675048828e+00 2.094395160675048828e+00
6.283185482025146484e+00 2.094395160675048828e+00 2.094395160675048828e+00
0.000000000000000000e+00 2.792526960372924805e+00 2.094395160675048828e+00
6.981317400932312012e-01 2.792526960372924805e+00 2.094395160675048828e+00
1.396263480186462402e+00 2.792526960372924805e+00 2.094395160675048828e+00
2.094395160675048828e+00 2.792526960372924805e+00 2.094395160675048828e+00
2.792526960372924805e+00 2.792526960372924805e+00 2.094395160675048828e+00
3.490658760070800781e+00 2.792526960372924805e+00 2.094395160675048828e+00
4.188790321350097656e+00 2.792526960372924805e+00 2.094395160675048828e+00
4.886922359466552734e+00 2.792526960372924805e+00 2.094395160675048828e+00
5.585053920745849609e+00 2.792526960372924805e+00 2.094395160675048828e+00
6.283185482025146484e+00 2.792526960372924805e+00 2.094395160675048828e+00
0.000000000000000000e+00 3.490658760070800781e+00 2.094395160675048828e+00
6.981317400932312012e-01 3.490658760070800781e+00 2.094395160675048828e+00
1.396263480186462402e+00 3.490658760070800781e+00 2.094395160675048828e+00
2.094395160675048828e+00 3.490658760070800781e+00 2.094395160675048828e+00
2.792526960372924805e+00 3.490658760070800781e+00 2.094395160675048828e+00
3.490658760070800781e+00 3.490658760070800781e+00 2.094395160675048828e+00
4.188790321350097656e+00 3.490658760070800781e+00 2.094395160675048828e+00
4.886922359466552734e+00 3.490658760070800781e+00 2.094395160675048828e+00
5.585053920745849609e+00 3.490658760070800781e+00 2.094395160675048828e+00
6.283185482025146484e+00 3.490658760070800781e+00 2.094395160675048828e+00
0.000000000000000000e+00 4.188790321350097656e+00 2.094395160675048828e+00
6.981317400932312012e-01 4.188790321350097656e+00 2.094395160675048828e+00
1.396263480186462402e+00 4.188790321350097656e+00 2.094395160675048828e+00
2.094395160675048828e+00 4.188790321350097656e+00 2.094395160675048828e+00
2.792526960372924805e+00 4.188790321350097656e+00 2.094395160675048828e+00
3.490658760070800781e+00 4.188790321350097656e+00 2.094395160675048828e+00
4.188790321350097656e+00 4.188790321350097656e+00 2.094395160675048828e+00
4.886922359466552734e+00 4.188790321350097656e+00 2.094395160675048828e+00
5.585053920745849609e+00 4.188790321350097656e+00 2.094395160675048828e+00
6.283185482025146484e+00 4.188790321350097656e+00 2.094395160675048828e+00
0.000000000000000000e+00 4.886922359466552734e+00 2.094395160675048828e+00
6.981317400932312012e-01 4.886922359466552734e+00 2.094395160675048828e+00
1.396263480186462402e+00 4.886922359466552734e+00 2.094395160675048828e+00
2.094395160675048828e+00 4.886922359466552734e+00 2.094395160675048828e+00
2.792526960372924805e+00 4.886922359466552734e+00 2.094395160675048828e+00
3.490658760070800781e+00 4.886922359466552734e+00 2.094395160675048828e+00
4.188790321350097656e+00 4.886922359466552734e+00 2.094395160675048828e+00
4.886922359466552734e+00 4.886922359466552734e+00 2.094395160675048828e+00
5.585053920745849609e+00 4.886922359466552734e+00 2.094395160675048828e+00
6.283185482025146484e+00 4.886922359466552734e+00 2.094395160675048828e+00
0.000000000000000000e+00 5.585053920745849609e+00 2.094395160675048828e+00
6.981317400932312012e-01 5.585053920745849609e+00 2.094395160675048828e+00
1.396263480186462402e+00 5.585053920745849609e+00 2.094395160675048828e+00
2.094395160675048828e+00 5.585053920745849609e+00 2.094395160675048828e+00
2.792526960372924805e+00 5.585053920745849609e+00 2.094395160675048828e+00
3.490658760070800781e+00 5.585053920745849609e+00 2.094395160675048828e+00
4.188790321350097656e+00 5.585053920745849609e+00 2.094395160675048828e+00
4.886922359466552734e+00 5.585053920745849609e+00 2.094395160675048828e+00
5.585053920745849609e+00 5.585053920745849609e+00 2.094395160675048828e+00
6.283185482025146484e+00 5.585053920745849609e+00 2.094395160675048828e+00
0.000000000000000000e+00 6.283185482025146484e+00 2.094395160675048828e+00
6.981317400932312012e-01 6.283185482025146484e+00 2.094395160675048828e+00
1.396263480186462402e+00 6.283185482025146484e+00 2.094395160675048828e+00
2.094395160675048828e+00 6.283185482025146484e+00 2.094395160675048828e+00
2.792526960372924805e+00 6.283185482025146484e+00 2.094395160675048828e+00
3.490658760070800781e+00 6.283185482025146484e+00 2.094395160675048828e+00
4.188790321350097656e+00 6.283185482025146484e+00 2.094395160675048828e+00
4.886922359466552734e+00 6.283185482025146484e+00 2.094395160675048828e+00
5.585053920745849609e+00 6.283185482025146484e+00 2.094395160675048828e+00
6.283185482025146484e+00 6.283185482025146484e+00 2.094395160675048828e+00
0.000000000000000000e+00 0.000000000000000000e+00 2.792526960372924805e+00
6.981317400932312012e-01 0.000000000000000000e+00 2.792526960372924805e+00
1.396263480186462402e+00 0.000000000000000000e+00 2.792526960372924805e+00
2.094395160675048828e+00 0.000000000000000000e+00 2.792526960372924805e+00
2.792526960372924805e+00 0.000000000000000000e+00 2.792526960372924805e+00
3.490658760070800781e+00 0.000000000000000000e+00 2.792526960372924805e+00
4.188790321350097656e+00 0.000000000000000000e+00 2.792526960372924805e+00
4.886922359466552734e+00 0.000000000000000000e+00 2.792526960372924805e+00
5.585053920745849609e+00 0.000000000000000000e+00 2.792526960372924805e+00
6.283185482025146484e+00 0.000000000000000000e+00 2.792526960372924805e+00
0.000000000000000000e+00 6.981317400932312012e-01 2.792526960372924805e+00
6.981317400932312012e-01 6.981317400932312012e-01 2.792526960372924805e+00
1.396263480186462402e+00 6.981317400932312012e-01 2.792526960372924805e+00
2.094395160675048828e+00 6.981317400932312012e-01 2.792526960372924805e+00
2.792526960372924805e+00 6.981317400932312012e-01 2.792526960372924805e+00
3.490658760070800781e+00 6.981317400932312012e-01 2.792526960372924805e+00
4.188790321350097656e+00 6.981317400932312012e-01 2.792526960372924805e+00
4.886922359466552734e+00 6.981317400932312012e-01 2.792526960372924805e+00
5.585053920745849609e+00 6.981317400932312012e-01 2.792526960372924805e+00
6.283185482025146484e+00 6.981317400932312012e-01 2.792526960372924805e+00
0.000000000000000000e+00 1.396263480186462402e+00 2.792526960372924805e+00
6.981317400932312012e-01 1.396263480186462402e+00 2.792526960372924805e+00
1.396263480186462402e+00 1.396263480186462402e+00 2.792526960372924805e+00
2.094395160675048828e+00 1.396263480186462402e+00 2.792526960372924805e+00
2.792526960372924805e+00 1.396263480186462402e+00 2.792526960372924805e+00
3.490658760070800781e+00 1.396263480186462402e+00 2.792526960372924805e+00
4.188790321350097656e+00 1.396263480186462402e+00 2.792526960372924805e+00
4.886922359466552734e+00 1.396263480186462402e+00 2.792526960372924805e+00
5.585053920745849609e+00 1.396263480186462402e+00 2.792526960372924805e+00
6.283185482025146484e+00 1.396263480186462402e+00 2.792526960372924805e+00
0.000000000000000000e+00 2.094395160675048828e+00 2.792526960372924805e+00
6.981317400932312012e-01 2.094395160675048828e+00 2.792526960372924805e+00
1.396263480186462402e+00 2.094395160675048828e+00 2.792526960372924805e+00
2.094395160675048828e+00 2.094395160675048828e+00 2.792526960372924805e+00
2.792526960372924805e+00 2.094395160675048828e+00 2.792526960372924805e+00
3.490658760070800781e+00 2.094395160675048828e+00 2.792526960372924805e+00
4.188790321350097656e+00 2.094395160675048828e+00 2.792526960372924805e+00
4.886922359466552734e+00 2.094395160675048828e+00 2.792526960372924805e+00
5.585053920745849609e+00 2.094395160675048828e+00 2.792526960372924805e+00
6.283185482025146484e+00 2.094395160675048828e+00 2.792526960372924805e+00
0.000000000000000000e+00 2.792526960372924805e+00 2.792526960372924805e+00
6.981317400932312012e-01 2.792526960372924805e+00 2.792526960372924805e+00
1.396263480186462402e+00 2.792526960372924805e+00 2.792526960372924805e+00
2.094395160675048828e+00 2.792526960372924805e+00 2.792526960372924805e+00
2.792526960372924805e+00 2.792526960372924805e+00 2.792526960372924805e+00
3.490658760070800781e+00 2.792526960372924805e+00 2.792526960372924805e+00
4.188790321350097656e+00 2.792526960372924805e+00 2.792526960372924805e+00
4.886922359466552734e+00 2.792526960372924805e+00 2.792526960372924805e+00
5.585053920745849609e+00 2.792526960372924805e+00 2.792526960372924805e+00
6.283185482025146484e+00 2.792526960372924805e+00 2.792526960372924805e+00
0.000000000000000000e+00 3.490658760070800781e+00 2.792526960372924805e+00
6.981317400932312012e-01 3.490658760070800781e+00 2.792526960372924805e+00
1.396263480186462402e+00 3.490658760070800781e+00 2.792526960372924805e+00
2.094395160675048828e+00 3.490658760070800781e+00 2.792526960372924805e+00
2.792526960372924805e+00 3.490658760070800781e+00 2.792526960372924805e+00
3.490658760070800781e+00 3.490658760070800781e+00 2.792526960372924805e+00
4.188790321350097656e+00 3.490658760070800781e+00 2.792526960372924805e+00
4.886922359466552734e+00 3.490658760070800781e+00 2.792526960372924805e+00
5.585053920745849609e+00 3.490658760070800781e+00 2.792526960372924805e+00
6.283185482025146484e+00 3.490658760070800781e+00 2.792526960372924805e+00
0.000000000000000000e+00 4.188790321350097656e+00 2.792526960372924805e+00
6.981317400932312012e-01 4.188790321350097656e+00 2.792526960372924805e+00
1.396263480186462402e+00 4.188790321350097656e+00 2.792526960372924805e+00
2.094395160675048828e+00 4.188790321350097656e+00 2.792526960372924805e+00
2.792526960372924805e+00 4.188790321350097656e+00 2.792526960372924805e+00
3.490658760070800781e+00 4.188790321350097656e+00 2.792526960372924805e+00
4.188790321350097656e+00 4.188790321350097656e+00 2.792526960372924805e+00
4.886922359466552734e+00 4.188790321350097656e+00 2.792526960372924805e+00
5.585053920745849609e+00 4.188790321350097656e+00 2.792526960372924805e+00
6.283185482025146484e+00 4.188790321350097656e+00 2.792526960372924805e+00
0.000000000000000000e+00 4.886922359466552734e+00 2.792526960372924805e+00
6.981317400932312012e-01 4.886922359466552734e+00 2.792526960372924805e+00
1.396263480186462402e+00 4.886922359466552734e+00 2.792526960372924805e+00
2.094395160675048828e+00 4.886922359466552734e+00 2.792526960372924805e+00
2.792526960372924805e+00 4.886922359466552734e+00 2.792526960372924805e+00
3.490658760070800781e+00 4.886922359466552734e+00 2.792526960372924805e+00
4.188790321350097656e+00 4.886922359466552734e+00 2.792526960372924805e+00
4.886922359466552734e+00 4.886922359466552734e+00 2.792526960372924805e+00
5.585053920745849609e+00 4.886922359466552734e+00 2.792526960372924805e+00
6.283185482025146484e+00 4.886922359466552734e+00 2.792526960372924805e+00
0.000000000000000000e+00 5.585053920745849609e+00 2.792526960372924805e+00
6.981317400932312012e-01 5.585053920745849609e+00 2.792526960372924805e+00
1.396263480186462402e+00 5.585053920745849609e+00 2.792526960372924805e+00
2.094395160675048828e+00 5.585053920745849609e+00 2.792526960372924805e+00
2.792526960372924805e+00 5.585053920745849609e+00 2.792526960372924805e+00
3.490658760070800781e+00 5.585053920745849609e+00 2.792526960372924805e+00
4.188790321350097656e+00 5.585053920745849609e+00 2.792526960372924805e+00
4.886922359466552734e+00 5.585053920745849609e+00 2.792526960372924805e+00
5.585053920745849609e+00 5.585053920745849609e+00 2.792526960372924805e+00
6.283185482025146484e+00 5.585053920745849609e+00 2.792526960372924805e+00
0.000000000000000000e+00 6.283185482025146484e+00 2.792526960372924805e+00
6.981317400932312012e-01 6.283185482025146484e+00 2.792526960372924805e+00
1.396263480186462402e+00 6.283185482025146484e+00 2.792526960372924805e+00
2.094395160675048828e+00 6.283185482025146484e+00 2.792526960372924805e+00
2.792526960372924805e+00 6.283185482025146484e+00 2.792526960372924805e+00
3.490658760070800781e+00 6.283185482025146484e+00 2.792526960372924805e+00
4.188790321350097656e+00 6.283185482025146484e+00 2.792526960372924805e+00
4.886922359466552734e+00 6.283185482025146484e+00 2.792526960372924805e+00
5.585053920745849609e+00 6.283185482025146484e+00 2.792526960372924805e+00
6.283185482025146484e+00 6.283185482025146484e+00 2.792526960372924805e+00
0.000000000000000000e+00 0.000000000000000000e+00 3.490658760070800781e+00
6.981317400932312012e-01 0.000000000000000000e+00 3.490658760070800781e+00
1.396263480186462402e+00 0.000000000000000000e+00 3.490658760070800781e+00
2.094395160675048828e+00 0.000000000000000000e+00 3.490658760070800781e+00
2.792526960372924805e+00 0.000000000000000000e+00 3.490658760070800781e+00
3.490658760070800781e+00 0.000000000000000000e+00 3.490658760070800781e+00
4.188790321350097656e+00 0.000000000000000000e+00 3.490658760070800781e+00
4.886922359466552734e+00 0.000000000000000000e+00 3.490658760070800781e+00
5.585053920745849609e+00 0.000000000000000000e+00 3.490658760070800781e+00
6.283185482025146484e+00 0.000000000000000000e+00 3.490658760070800781e+00
0.000000000000000000e+00 6.981317400932312012e-01 3.490658760070800781e+00
6.981317400932312012e-01 6.981317400932312012e-01 3.490658760070800781e+00
1.396263480186462402e+00 6.981317400932312012e-01 3.490658760070800781e+00
2.094395160675048828e+00 6.981317400932312012e-01 3.490658760070800781e+00
2.792526960372924805e+00 6.981317400932312012e-01 3.490658760070800781e+00
3.490658760070800781e+00 6.981317400932312012e-01 3.490658760070800781e+00
4.188790321350097656e+00 6.981317400932312012e-01 3.490658760070800781e+00
4.886922359466552734e+00 6.981317400932312012e-01 3.490658760070800781e+00
5.585053920745849609e+00 6.981317400932312012e-01 3.490658760070800781e+00
6.283185482025146484e+00 6.981317400932312012e-01 3.490658760070800781e+00
0.000000000000000000e+00 1.396263480186462402e+00 3.490658760070800781e+00
6.981317400932312012e-01 1.396263480186462402e+00 3.490658760070800781e+00
1.396263480186462402e+00 1.396263480186462402e+00 3.490658760070800781e+00
2.094395160675048828e+00 1.396263480186462402e+00 3.490658760070800781e+00
2.792526960372924805e+00 1.396263480186462402e+00 3.490658760070800781e+00
3.490658760070800781e+00 1.396263480186462402e+00 3.490658760070800781e+00
4.188790321350097656e+00 1.396263480186462402e+00 3.490658760070800781e+00
4.886922359466552734e+00 1.396263480186462402e+00 3.490658760070800781e+00
5.585053920745849609e+00 1.396263480186462402e+00 3.490658760070800781e+00
6.283185482025146484e+00 1.396263480186462402e+00 3.490658760070800781e+00
0.000000000000000000e+00 2.094395160675048828e+00 3.490658760070800781e+00
6.981317400932312012e-01 2.094395160675048828e+00 3.490658760070800781e+00
1.396263480186462402e+00 2.094395160675048828e+00 3.490658760070800781e+00
2.094395160675048828e+00 2.094395160675048828e+00 3.490658760070800781e+00
2.792526960372924805e+00 2.094395160675048828e+00 3.490658760070800781e+00
3.490658760070800781e+00 2.094395160675048828e+00 3.490658760070800781e+00
4.188790321350097656e+00 2.094395160675048828e+00 3.490658760070800781e+00
4.886922359466552734e+00 2.094395160675048828e+00 3.490658760070800781e+00
5.585053920745849609e+00 2.094395160675048828e+00 3.490658760070800781e+00
6.283185482025146484e+00 2.094395160675048828e+00 3.490658760070800781e+00
0.000000000000000000e+00 2.792526960372924805e+00 3.490658760070800781e+00
6.981317400932312012e-01 2.792526960372924805e+00 3.490658760070800781e+00
1.396263480186462402e+00 2.792526960372924805e+00 3.490658760070800781e+00
2.094395160675048828e+00 2.792526960372924805e+00 3.490658760070800781e+00
2.792526960372924805e+00 2.792526960372924805e+00 3.490658760070800781e+00
3.490658760070800781e+00 2.792526960372924805e+00 3.490658760070800781e+00
4.188790321350097656e+00 2.792526960372924805e+00 3.490658760070800781e+00
4.886922359466552734e+00 2.792526960372924805e+00 3.490658760070800781e+00
5.585053920745849609e+00 2.792526960372924805e+00 3.490658760070800781e+00
6.283185482025146484e+00 2.792526960372924805e+00 3.490658760070800781e+00
0.000000000000000000e+00 3.490658760070800781e+00 3.490658760070800781e+00
6.981317400932312012e-01 3.490658760070800781e+00 3.490658760070800781e+00
1.396263480186462402e+00 3.490658760070800781e+00 3.490658760070800781e+00
2.094395160675048828e+00 3.490658760070800781e+00 3.490658760070800781e+00
2.792526960372924805e+00 3.490658760070800781e+00 3.490658760070800781e+00
3.490658760070800781e+00 3.490658760070800781e+00 3.490658760070800781e+00
4.188790321350097656e+00 3.490658760070800781e+00 3.490658760070800781e+00
4.886922359466552734e+00 3.490658760070800781e+00 3.490658760070800781e+00
5.585053920745849609e+00 3.490658760070800781e+00 3.490658760070800781e+00
6.283185482025146484e+00 3.490658760070800781e+00 3.490658760070800781e+00
0.000000000000000000e+00 4.188790321350097656e+00 3.490658760070800781e+00
6.981317400932312012e-01 4.188790321350097656e+00 3.490658760070800781e+00
1.396263480186462402e+00 4.188790321350097656e+00 3.490658760070800781e+00
2.094395160675048828e+00 4.188790321350097656e+00 3.490658760070800781e+00
2.792526960372924805e+00 4.188790321350097656e+00 3.490658760070800781e+00
3.490658760070800781e+00 4.188790321350097656e+00 3.490658760070800781e+00
4.188790321350097656e+00 4.188790321350097656e+00 3.490658760070800781e+00
4.886922359466552734e+00 4.188790321350097656e+00 3.490658760070800781e+00
5.585053920745849609e+00 4.188790321350097656e+00 3.490658760070800781e+00
6.283185482025146484e+00 4.188790321350097656e+00 3.490658760070800781e+00
0.000000000000000000e+00 4.886922359466552734e+00 3.490658760070800781e+00
6.981317400932312012e-01 4.886922359466552734e+00 3.490658760070800781e+00
1.396263480186462402e+00 4.886922359466552734e+00 3.490658760070800781e+00
2.094395160675048828e+00 4.886922359466552734e+00 3.490658760070800781e+00
2.792526960372924805e+00 4.886922359466552734e+00 3.490658760070800781e+00
3.490658760070800781e+00 4.886922359466552734e+00 3.490658760070800781e+00
4.188790321350097656e+00 4.886922359466552734e+00 3.490658760070800781e+00
4.886922359466552734e+00 4.886922359466552734e+00 3.490658760070800781e+00
5.585053920745849609e+00 4.886922359466552734e+00 3.490658760070800781e+00
6.283185482025146484e+00 4.886922359466552734e+00 3.490658760070800781e+00
0.000000000000000000e+00 5.585053920745849609e+00 3.490658760070800781e+00
6.981317400932312012e-01 5.585053920745849609e+00 3.490658760070800781e+00
1.396263480186462402e+00 5.585053920745849609e+00 3.490658760070800781e+00
2.094395160675048828e+00 5.585053920745849609e+00 3.490658760070800781e+00
2.792526960372924805e+00 5.585053920745849609e+00 3.490658760070800781e+00
3.490658760070800781e+00 5.585053920745849609e+00 3.490658760070800781e+00
4.188790321350097656e+00 5.585053920745849609e+00 3.490658760070800781e+00
4.886922359466552734e+00 5.585053920745849609e+00 3.490658760070800781e+00
5.585053920745849609e+00 5.585053920745849609e+00 3.490658760070800781e+00
6.283185482025146484e+00 5.585053920745849609e+00 3.490658760070800781e+00
0.000000000000000000e+00 6.283185482025146484e+00 3.490658760070800781e+00
6.981317400932312012e-01 6.283185482025146484e+00 3.490658760070800781e+00
1.396263480186462402e+00 6.283185482025146484e+00 3.490658760070800781e+00
2.094395160675048828e+00 6.283185482025146484e+00 3.490658760070800781e+00
2.792526960372924805e+00 6.283185482025146484e+00 3.490658760070800781e+00
3.490658760070800781e+00 6.283185482025146484e+00 3.490658760070800781e+00
4.188790321350097656e+00 6.283185482025146484e+00 3.490658760070800781e+00
4.886922359466552734e+00 6.283185482025146484e+00 3.490658760070800781e+00
5.585053920745849609e+00 6.283185482025146484e+00 3.490658760070800781e+00
6.283185482025146484e+00 6.283185482025146484e+00 3.490658760070800781e+00
0.000000000000000000e+00 0.000000000000000000e+00 4.188790321350097656e+00
6.981317400932312012e-01 0.000000000000000000e+00 4.188790321350097656e+00
1.396263480186462402e+00 0.000000000000000000e+00 4.188790321350097656e+00
2.094395160675048828e+00 0.000000000000000000e+00 4.188790321350097656e+00
2.792526960372924805e+00 0.000000000000000000e+00 4.188790321350097656e+00
3.490658760070800781e+00 0.000000000000000000e+00 4.188790321350097656e+00
4.188790321350097656e+00 0.000000000000000000e+00 4.188790321350097656e+00
4.886922359466552734e+00 0.000000000000000000e+00 4.188790321350097656e+00
5.585053920745849609e+00 0.000000000000000000e+00 4.188790321350097656e+00
6.283185482025146484e+00 0.000000000000000000e+00 4.188790321350097656e+00
0.000000000000000000e+00 6.981317400932312012e-01 4.188790321350097656e+00
6.981317400932312012e-01 6.981317400932312012e-01 4.188790321350097656e+00
1.396263480186462402e+00 6.981317400932312012e-01 4.188790321350097656e+00
2.094395160675048828e+00 6.981317400932312012e-01 4.188790321350097656e+00
2.792526960372924805e+00 6.981317400932312012e-01 4.188790321350097656e+00
3.490658760070800781e+00 6.981317400932312012e-01 4.188790321350097656e+00
4.188790321350097656e+00 6.981317400932312012e-01 4.188790321350097656e+00
4.886922359466552734e+00 6.981317400932312012e-01 4.188790321350097656e+00
5.585053920745849609e+00 6.981317400932312012e-01 4.188790321350097656e+00
6.283185482025146484e+00 6.981317400932312012e-01 4.188790321350097656e+00
0.000000000000000000e+00 1.396263480186462402e+00 4.188790321350097656e+00
6.981317400932312012e-01 1.396263480186462402e+00 4.188790321350097656e+00
1.396263480186462402e+00 1.396263480186462402e+00 4.188790321350097656e+00
2.094395160675048828e+00 1.396263480186462402e+00 4.188790321350097656e+00
2.792526960372924805e+00 1.396263480186462402e+00 4.188790321350097656e+00
3.490658760070800781e+00 1.396263480186462402e+00 4.188790321350097656e+00
4.188790321350097656e+00 1.396263480186462402e+00 4.188790321350097656e+00
4.886922359466552734e+00 1.396263480186462402e+00 4.188790321350097656e+00
5.585053920745849609e+00 1.396263480186462402e+00 4.188790321350097656e+00
6.283185482025146484e+00 1.396263480186462402e+00 4.188790321350097656e+00
0.000000000000000000e+00 2.094395160675048828e+00 4.188790321350097656e+00
6.981317400932312012e-01 2.094395160675048828e+00 4.188790321350097656e+00
1.396263480186462402e+00 2.094395160675048828e+00 4.188790321350097656e+00
2.094395160675048828e+00 2.094395160675048828e+00 4.188790321350097656e+00
2.792526960372924805e+00 2.094395160675048828e+00 4.188790321350097656e+00
3.490658760070800781e+00 2.094395160675048828e+00 4.188790321350097656e+00
4.188790321350097656e+00 2.094395160675048828e+00 4.188790321350097656e+00
4.886922359466552734e+00 2.094395160675048828e+00 4.188790321350097656e+00
5.585053920745849609e+00 2.094395160675048828e+00 4.188790321350097656e+00
6.283185482025146484e+00 2.094395160675048828e+00 4.188790321350097656e+00
0.000000000000000000e+00 2.792526960372924805e+00 4.188790321350097656e+00
6.981317400932312012e-01 2.792526960372924805e+00 4.188790321350097656e+00
1.396263480186462402e+00 2.792526960372924805e+00 4.188790321350097656e+00
2.094395160675048828e+00 2.792526960372924805e+00 4.188790321350097656e+00
2.792526960372924805e+00 2.792526960372924805e+00 4.188790321350097656e+00
3.490658760070800781e+00 2.792526960372924805e+00 4.188790321350097656e+00
4.188790321350097656e+00 2.792526960372924805e+00 4.188790321350097656e+00
4.886922359466552734e+00 2.792526960372924805e+00 4.188790321350097656e+00
5.585053920745849609e+00 2.792526960372924805e+00 4.188790321350097656e+00
6.283185482025146484e+00 2.792526960372924805e+00 4.188790321350097656e+00
0.000000000000000000e+00 3.490658760070800781e+00 4.188790321350097656e+00
6.981317400932312012e-01 3.490658760070800781e+00 4.188790321350097656e+00
1.396263480186462402e+00 3.490658760070800781e+00 4.188790321350097656e+00
2.094395160675048828e+00 3.490658760070800781e+00 4.188790321350097656e+00
2.792526960372924805e+00 3.490658760070800781e+00 4.188790321350097656e+00
3.490658760070800781e+00 3.490658760070800781e+00 4.188790321350097656e+00
4.188790321350097656e+00 3.490658760070800781e+00 4.188790321350097656e+00
4.886922359466552734e+00 3.490658760070800781e+00 4.188790321350097656e+00
5.585053920745849609e+00 3.490658760070800781e+00 4.188790321350097656e+00
6.283185482025146484e+00 3.490658760070800781e+00 4.188790321350097656e+00
0.000000000000000000e+00 4.188790321350097656e+00 4.188790321350097656e+00
6.981317400932312012e-01 4.188790321350097656e+00 4.188790321350097656e+00
1.396263480186462402e+00 4.188790321350097656e+00 4.188790321350097656e+00
2.094395160675048828e+00 4.188790321350097656e+00 4.188790321350097656e+00
2.792526960372924805e+00 4.188790321350097656e+00 4.188790321350097656e+00
3.490658760070800781e+00 4.188790321350097656e+00 4.188790321350097656e+00
4.188790321350097656e+00 4.188790321350097656e+00 4.188790321350097656e+00
4.886922359466552734e+00 4.188790321350097656e+00 4.188790321350097656e+00
5.585053920745849609e+00 4.188790321350097656e+00 4.188790321350097656e+00
6.283185482025146484e+00 4.188790321350097656e+00 4.188790321350097656e+00
0.000000000000000000e+00 4.886922359466552734e+00 4.188790321350097656e+00
6.981317400932312012e-01 4.886922359466552734e+00 4.188790321350097656e+00
1.396263480186462402e+00 4.886922359466552734e+00 4.188790321350097656e+00
2.094395160675048828e+00 4.886922359466552734e+00 4.188790321350097656e+00
2.792526960372924805e+00 4.886922359466552734e+00 4.188790321350097656e+00
3.490658760070800781e+00 4.886922359466552734e+00 4.188790321350097656e+00
4.188790321350097656e+00 4.886922359466552734e+00 4.188790321350097656e+00
4.886922359466552734e+00 4.886922359466552734e+00 4.188790321350097656e+00
5.585053920745849609e+00 4.886922359466552734e+00 4.188790321350097656e+00
6.283185482025146484e+00 4.886922359466552734e+00 4.188790321350097656e+00
0.000000000000000000e+00 5.585053920745849609e+00 4.188790321350097656e+00
6.981317400932312012e-01 5.585053920745849609e+00 4.188790321350097656e+00
1.396263480186462402e+00 5.585053920745849609e+00 4.188790321350097656e+00
2.094395160675048828e+00 5.585053920745849609e+00 4.188790321350097656e+00
2.792526960372924805e+00 5.585053920745849609e+00 4.188790321350097656e+00
3.490658760070800781e+00 5.585053920745849609e+00 4.188790321350097656e+00
4.188790321350097656e+00 5.585053920745849609e+00 4.188790321350097656e+00
4.886922359466552734e+00 5.585053920745849609e+00 4.188790321350097656e+00
5.585053920745849609e+00 5.585053920745849609e+00 4.188790321350097656e+00
6.283185482025146484e+00 5.585053920745849609e+00 4.188790321350097656e+00
0.000000000000000000e+00 6.283185482025146484e+00 4.188790321350097656e+00
6.981317400932312012e-01 6.283185482025146484e+00 4.188790321350097656e+00
1.396263480186462402e+00 6.283185482025146484e+00 4.188790321350097656e+00
2.094395160675048828e+00 6.283185482025146484e+00 4.188790321350097656e+00
2.792526960372924805e+00 6.283185482025146484e+00 4.188790321350097656e+00
3.490658760070800781e+00 6.283185482025146484e+00 4.188790321350097656e+00
4.188790321350097656e+00 6.283185482025146484e+00 4.188790321350097656e+00
4.886922359466552734e+00 6.283185482025146484e+00 4.188790321350097656e+00
5.585053920745849609e+00 6.283185482025146484e+00 4.188790321350097656e+00
6.283185482025146484e+00 6.283185482025146484e+00 4.188790321350097656e+00
0.000000000000000000e+00 0.000000000000000000e+00 4.886922359466552734e+00
6.981317400932312012e-01 0.000000000000000000e+00 4.886922359466552734e+00
1.396263480186462402e+00 0.000000000000000000e+00 4.886922359466552734e+00
2.094395160675048828e+00 0.000000000000000000e+00 4.886922359466552734e+00
2.792526960372924805e+00 0.000000000000000000e+00 4.886922359466552734e+00
3.490658760070800781e+00 0.000000000000000000e+00 4.886922359466552734e+00
4.188790321350097656e+00 0.000000000000000000e+00 4.886922359466552734e+00
4.886922359466552734e+00 0.000000000000000000e+00 4.886922359466552734e+00
5.585053920745849609e+00 0.000000000000000000e+00 4.886922359466552734e+00
6.283185482025146484e+00 0.000000000000000000e+00 4.886922359466552734e+00
0.000000000000000000e+00 6.981317400932312012e-01 4.886922359466552734e+00
6.981317400932312012e-01 6.981317400932312012e-01 4.886922359466552734e+00
1.396263480186462402e+00 6.981317400932312012e-01 4.886922359466552734e+00
2.094395160675048828e+00 6.981317400932312012e-01 4.886922359466552734e+00
2.792526960372924805e+00 6.981317400932312012e-01 4.886922359466552734e+00
3.490658760070800781e+00 6.981317400932312012e-01 4.886922359466552734e+00
4.188790321350097656e+00 6.981317400932312012e-01 4.886922359466552734e+00
4.886922359466552734e+00 6.981317400932312012e-01 4.886922359466552734e+00
5.585053920745849609e+00 6.981317400932312012e-01 4.886922359466552734e+00
6.283185482025146484e+00 6.981317400932312012e-01 4.886922359466552734e+00
0.000000000000000000e+00 1.396263480186462402e+00 4.886922359466552734e+00
6.981317400932312012e-01 1.396263480186462402e+00 4.886922359466552734e+00
1.396263480186462402e+00 1.396263480186462402e+00 4.886922359466552734e+00
2.094395160675048828e+00 1.396263480186462402e+00 4.886922359466552734e+00
2.792526960372924805e+00 1.396263480186462402e+00 4.886922359466552734e+00
3.490658760070800781e+00 1.396263480186462402e+00 4.886922359466552734e+00
4.188790321350097656e+00 1.396263480186462402e+00 4.886922359466552734e+00
4.886922359466552734e+00 1.396263480186462402e+00 4.886922359466552734e+00
5.585053920745849609e+00 1.396263480186462402e+00 4.886922359466552734e+00
6.283185482025146484e+00 1.396263480186462402e+00 4.886922359466552734e+00
0.000000000000000000e+00 2.094395160675048828e+00 4.886922359466552734e+00
6.981317400932312012e-01 2.094395160675048828e+00 4.886922359466552734e+00
1.396263480186462402e+00 2.094395160675048828e+00 4.886922359466552734e+00
2.094395160675048828e+00 2.094395160675048828e+00 4.886922359466552734e+00
2.792526960372924805e+00 2.094395160675048828e+00 4.886922359466552734e+00
3.490658760070800781e+00 2.094395160675048828e+00 4.886922359466552734e+00
4.188790321350097656e+00 2.094395160675048828e+00 4.886922359466552734e+00
4.886922359466552734e+00 2.094395160675048828e+00 4.886922359466552734e+00
5.585053920745849609e+00 2.094395160675048828e+00 4.886922359466552734e+00
6.283185482025146484e+00 2.094395160675048828e+00 4.886922359466552734e+00
0.000000000000000000e+00 2.792526960372924805e+00 4.886922359466552734e+00
6.981317400932312012e-01 2.792526960372924805e+00 4.886922359466552734e+00
1.396263480186462402e+00 2.792526960372924805e+00 4.886922359466552734e+00
2.094395160675048828e+00 2.792526960372924805e+00 4.886922359466552734e+00
2.792526960372924805e+00 2.792526960372924805e+00 4.886922359466552734e+00
3.490658760070800781e+00 2.792526960372924805e+00 4.886922359466552734e+00
4.188790321350097656e+00 2.792526960372924805e+00 4.886922359466552734e+00
4.886922359466552734e+00 2.792526960372924805e+00 4.886922359466552734e+00
5.585053920745849609e+00 2.792526960372924805e+00 4.886922359466552734e+00
6.283185482025146484e+00 2.792526960372924805e+00 4.886922359466552734e+00
0.000000000000000000e+00 3.490658760070800781e+00 4.886922359466552734e+00
6.981317400932312012e-01 3.490658760070800781e+00 4.886922359466552734e+00
1.396263480186462402e+00 3.490658760070800781e+00 4.886922359466552734e+00
2.094395160675048828e+00 3.490658760070800781e+00 4.886922359466552734e+00
2.792526960372924805e+00 3.490658760070800781e+00 4.886922359466552734e+00
3.490658760070800781e+00 3.490658760070800781e+00 4.886922359466552734e+00
4.188790321350097656e+00 3.490658760070800781e+00 4.886922359466552734e+00
4.886922359466552734e+00 3.490658760070800781e+00 4.886922359466552734e+00
5.585053920745849609e+00 3.490658760070800781e+00 4.886922359466552734e+00
6.283185482025146484e+00 3.490658760070800781e+00 4.886922359466552734e+00
0.000000000000000000e+00 4.188790321350097656e+00 4.886922359466552734e+00
6.981317400932312012e-01 4.188790321350097656e+00 4.886922359466552734e+00
1.396263480186462402e+00 4.188790321350097656e+00 4.886922359466552734e+00
2.094395160675048828e+00 4.188790321350097656e+00 4.886922359466552734e+00
2.792526960372924805e+00 4.188790321350097656e+00 4.886922359466552734e+00
3.490658760070800781e+00 4.188790321350097656e+00 4.886922359466552734e+00
4.188790321350097656e+00 4.188790321350097656e+00 4.886922359466552734e+00
4.886922359466552734e+00 4.188790321350097656e+00 4.886922359466552734e+00
5.585053920745849609e+00 4.188790321350097656e+00 4.886922359466552734e+00
6.283185482025146484e+00 4.188790321350097656e+00 4.886922359466552734e+00
0.000000000000000000e+00 4.886922359466552734e+00 4.886922359466552734e+00
6.981317400932312012e-01 4.886922359466552734e+00 4.886922359466552734e+00
1.396263480186462402e+00 4.886922359466552734e+00 4.886922359466552734e+00
2.094395160675048828e+00 4.886922359466552734e+00 4.886922359466552734e+00
2.792526960372924805e+00 4.886922359466552734e+00 4.886922359466552734e+00
3.490658760070800781e+00 4.886922359466552734e+00 4.886922359466552734e+00
4.188790321350097656e+00 4.886922359466552734e+00 4.886922359466552734e+00
4.886922359466552734e+00 4.886922359466552734e+00 4.886922359466552734e+00
5.585053920745849609e+00 4.886922359466552734e+00 4.886922359466552734e+00
6.283185482025146484e+00 4.886922359466552734e+00 4.886922359466552734e+00
0.000000000000000000e+00 5.585053920745849609e+00 4.886922359466552734e+00
6.981317400932312012e-01 5.585053920745849609e+00 4.886922359466552734e+00
1.396263480186462402e+00 5.585053920745849609e+00 4.886922359466552734e+00
2.094395160675048828e+00 5.585053920745849609e+00 4.886922359466552734e+00
2.792526960372924805e+00 5.585053920745849609e+00 4.886922359466552734e+00
3.490658760070800781e+00 5.585053920745849609e+00 4.886922359466552734e+00
4.188790321350097656e+00 5.585053920745849609e+00 4.886922359466552734e+00
4.886922359466552734e+00 5.585053920745849609e+00 4.886922359466552734e+00
5.585053920745849609e+00 5.585053920745849609e+00 4.886922359466552734e+00
6.283185482025146484e+00 5.585053920745849609e+00 4.886922359466552734e+00
0.000000000000000000e+00 6.283185482025146484e+00 4.886922359466552734e+00
6.981317400932312012e-01 6.283185482025146484e+00 4.886922359466552734e+00
1.396263480186462402e+00 6.283185482025146484e+00 4.886922359466552734e+00
2.094395160675048828e+00 6.283185482025146484e+00 4.886922359466552734e+00
2.792526960372924805e+00 6.283185482025146484e+00 4.886922359466552734e+00
3.490658760070800781e+00 6.283185482025146484e+00 4.886922359466552734e+00
4.188790321350097656e+00 6.283185482025146484e+00 4.886922359466552734e+00
4.886922359466552734e+00 6.283185482025146484e+00 4.886922359466552734e+00
5.585053920745849609e+00 6.283185482025146484e+00 4.886922359466552734e+00
6.283185482025146484e+00 6.283185482025146484e+00 4.886922359466552734e+00
0.000000000000000000e+00 0.000000000000000000e+00 5.585053920745849609e+00
6.981317400932312012e-01 0.000000000000000000e+00 5.585053920745849609e+00
1.396263480186462402e+00 0.000000000000000000e+00 5.585053920745849609e+00
2.094395160675048828e+00 0.000000000000000000e+00 5.585053920745849609e+00
2.792526960372924805e+00 0.000000000000000000e+00 5.585053920745849609e+00
3.490658760070800781e+00 0.000000000000000000e+00 5.585053920745849609e+00
4.188790321350097656e+00 0.000000000000000000e+00 5.585053920745849609e+00
4.886922359466552734e+00 0.000000000000000000e+00 5.585053920745849609e+00
5.585053920745849609e+00 0.000000000000000000e+00 5.585053920745849609e+00
6.283185482025146484e+00 0.000000000000000000e+00 5.585053920745849609e+00
0.000000000000000000e+00 6.981317400932312012e-01 5.585053920745849609e+00
6.981317400932312012e-01 6.981317400932312012e-01 5.585053920745849609e+00
1.396263480186462402e+00 6.981317400932312012e-01 5.585053920745849609e+00
2.094395160675048828e+00 6.981317400932312012e-01 5.585053920745849609e+00
2.792526960372924805e+00 6.981317400932312012e-01 5.585053920745849609e+00
3.490658760070800781e+00 6.981317400932312012e-01 5.585053920745849609e+00
4.188790321350097656e+00 6.981317400932312012e-01 5.585053920745849609e+00
4.886922359466552734e+00 6.981317400932312012e-01 5.585053920745849609e+00
5.585053920745849609e+00 6.981317400932312012e-01 5.585053920745849609e+00
6.283185482025146484e+00 6.981317400932312012e-01 5.585053920745849609e+00
0.000000000000000000e+00 1.396263480186462402e+00 5.585053920745849609e+00
6.981317400932312012e-01 1.396263480186462402e+00 5.585053920745849609e+00
1.396263480186462402e+00 1.396263480186462402e+00 5.585053920745849609e+00
2.094395160675048828e+00 1.396263480186462402e+00 5.585053920745849609e+00
2.792526960372924805e+00 1.396263480186462402e+00 5.585053920745849609e+00
3.490658760070800781e+00 1.396263480186462402e+00 5.585053920745849609e+00
4.188790321350097656e+00 1.396263480186462402e+00 5.585053920745849609e+00
4.886922359466552734e+00 1.396263480186462402e+00 5.585053920745849609e+00
5.585053920745849609e+00 1.396263480186462402e+00 5.585053920745849609e+00
6.283185482025146484e+00 1.396263480186462402e+00 5.585053920745849609e+00
0.000000000000000000e+00 2.094395160675048828e+00 5.585053920745849609e+00
6.981317400932312012e-01 2.094395160675048828e+00 5.585053920745849609e+00
1.396263480186462402e+00 2.094395160675048828e+00 5.585053920745849609e+00
2.094395160675048828e+00 2.094395160675048828e+00 5.585053920745849609e+00
2.792526960372924805e+00 2.094395160675048828e+00 5.585053920745849609e+00
3.490658760070800781e+00 2.094395160675048828e+00 5.585053920745849609e+00
4.188790321350097656e+00 2.094395160675048828e+00 5.585053920745849609e+00
4.886922359466552734e+00 2.094395160675048828e+00 5.585053920745849609e+00
5.585053920745849609e+00 2.094395160675048828e+00 5.585053920745849609e+00
6.283185482025146484e+00 2.094395160675048828e+00 5.585053920745849609e+00
0.000000000000000000e+00 2.792526960372924805e+00 5.585053920745849609e+00
6.981317400932312012e-01 2.792526960372924805e+00 5.585053920745849609e+00
1.396263480186462402e+00 2.792526960372924805e+00 5.585053920745849609e+00
2.094395160675048828e+00 2.792526960372924805e+00 5.585053920745849609e+00
2.792526960372924805e+00 2.792526960372924805e+00 5.585053920745849609e+00
3.490658760070800781e+00 2.792526960372924805e+00 5.585053920745849609e+00
4.188790321350097656e+00 2.792526960372924805e+00 5.585053920745849609e+00
4.886922359466552734e+00 2.792526960372924805e+00 5.585053920745849609e+00
5.585053920745849609e+00 2.792526960372924805e+00 5.585053920745849609e+00
6.283185482025146484e+00 2.792526960372924805e+00 5.585053920745849609e+00
0.000000000000000000e+00 3.490658760070800781e+00 5.585053920745849609e+00
6.981317400932312012e-01 3.490658760070800781e+00 5.585053920745849609e+00
1.396263480186462402e+00 3.490658760070800781e+00 5.585053920745849609e+00
2.094395160675048828e+00 3.490658760070800781e+00 5.585053920745849609e+00
2.792526960372924805e+00 3.490658760070800781e+00 5.585053920745849609e+00
3.490658760070800781e+00 3.490658760070800781e+00 5.585053920745849609e+00
4.188790321350097656e+00 3.490658760070800781e+00 5.585053920745849609e+00
4.886922359466552734e+00 3.490658760070800781e+00 5.585053920745849609e+00
5.585053920745849609e+00 3.490658760070800781e+00 5.585053920745849609e+00
6.283185482025146484e+00 3.490658760070800781e+00 5.585053920745849609e+00
0.000000000000000000e+00 4.188790321350097656e+00 5.585053920745849609e+00
6.981317400932312012e-01 4.188790321350097656e+00 5.585053920745849609e+00
1.396263480186462402e+00 4.188790321350097656e+00 5.585053920745849609e+00
2.094395160675048828e+00 4.188790321350097656e+00 5.585053920745849609e+00
2.792526960372924805e+00 4.188790321350097656e+00 5.585053920745849609e+00
3.490658760070800781e+00 4.188790321350097656e+00 5.585053920745849609e+00
4.188790321350097656e+00 4.188790321350097656e+00 5.585053920745849609e+00
4.886922359466552734e+00 4.188790321350097656e+00 5.585053920745849609e+00
5.585053920745849609e+00 4.188790321350097656e+00 5.585053920745849609e+00
6.283185482025146484e+00 4.188790321350097656e+00 5.585053920745849609e+00
0.000000000000000000e+00 4.886922359466552734e+00 5.585053920745849609e+00
6.981317400932312012e-01 4.886922359466552734e+00 5.585053920745849609e+00
1.396263480186462402e+00 4.886922359466552734e+00 5.585053920745849609e+00
2.094395160675048828e+00 4.886922359466552734e+00 5.585053920745849609e+00
2.792526960372924805e+00 4.886922359466552734e+00 5.585053920745849609e+00
3.490658760070800781e+00 4.886922359466552734e+00 5.585053920745849609e+00
4.188790321350097656e+00 4.886922359466552734e+00 5.585053920745849609e+00
4.886922359466552734e+00 4.886922359466552734e+00 5.585053920745849609e+00
5.585053920745849609e+00 4.886922359466552734e+00 5.585053920745849609e+00
6.283185482025146484e+00 4.886922359466552734e+00 5.585053920745849609e+00
0.000000000000000000e+00 5.585053920745849609e+00 5.585053920745849609e+00
6.981317400932312012e-01 5.585053920745849609e+00 5.585053920745849609e+00
1.396263480186462402e+00 5.585053920745849609e+00 5.585053920745849609e+00
2.094395160675048828e+00 5.585053920745849609e+00 5.585053920745849609e+00
2.792526960372924805e+00 5.585053920745849609e+00 5.585053920745849609e+00
3.490658760070800781e+00 5.585053920745849609e+00 5.585053920745849609e+00
4.188790321350097656e+00 5.585053920745849609e+00 5.585053920745849609e+00
4.886922359466552734e+00 5.585053920745849609e+00 5.585053920745849609e+00
5.585053920745849609e+00 5.585053920745849609e+00 5.585053920745849609e+00
6.283185482025146484e+00 5.585053920745849609e+00 5.585053920745849609e+00
0.000000000000000000e+00 6.283185482025146484e+00 5.585053920745849609e+00
6.981317400932312012e-01 6.283185482025146484e+00 5.585053920745849609e+00
1.396263480186462402e+00 6.283185482025146484e+00 5.585053920745849609e+00
2.094395160675048828e+00 6.283185482025146484e+00 5.585053920745849609e+00
2.792526960372924805e+00 6.283185482025146484e+00 5.585053920745849609e+00
3.490658760070800781e+00 6.283185482025146484e+00 5.585053920745849609e+00
4.188790321350097656e+00 6.283185482025146484e+00 5.585053920745849609e+00
4.886922359466552734e+00 6.283185482025146484e+00 5.585053920745849609e+00
5.585053920745849609e+00 6.283185482025146484e+00 5.585053920745849609e+00
6.283185482025146484e+00 6.283185482025146484e+00 5.585053920745849609e+00
0.000000000000000000e+00 0.000000000000000000e+00 6.283185482025146484e+00
6.981317400932312012e-01 0.000000000000000000e+00 6.283185482025146484e+00
1.396263480186462402e+00 0.000000000000000000e+00 6.283185482025146484e+00
2.094395160675048828e+00 0.000000000000000000e+00 6.283185482025146484e+00
2.792526960372924805e+00 0.000000000000000000e+00 6.283185482025146484e+00
3.490658760070800781e+00 0.000000000000000000e+00 6.283185482025146484e+00
4.188790321350097656e+00 0.000000000000000000e+00 6.283185482025146484e+00
4.886922359466552734e+00 0.000000000000000000e+00 6.283185482025146484e+00
5.585053920745849609e+00 0.000000000000000000e+00 6.283185482025146484e+00
6.283185482025146484e+00 0.000000000000000000e+00 6.283185482025146484e+00
0.000000000000000000e+00 6.981317400932312012e-01 6.283185482025146484e+00
6.981317400932312012e-01 6.981317400932312012e-01 6.283185482025146484e+00
1.396263480186462402e+00 6.981317400932312012e-01 6.283185482025146484e+00
2.094395160675048828e+00 6.981317400932312012e-01 6.283185482025146484e+00
2.792526960372924805e+00 6.981317400932312012e-01 6.283185482025146484e+00
3.490658760070800781e+00 6.981317400932312012e-01 6.283185482025146484e+00
4.188790321350097656e+00 6.981317400932312012e-01 6.283185482025146484e+00
4.886922359466552734e+00 6.981317400932312012e-01 6.283185482025146484e+00
5.585053920745849609e+00 6.981317400932312012e-01 6.283185482025146484e+00
6.283185482025146484e+00 6.981317400932312012e-01 6.283185482025146484e+00
0.000000000000000000e+00 1.396263480186462402e+00 6.283185482025146484e+00
6.981317400932312012e-01 1.396263480186462402e+00 6.283185482025146484e+00
1.396263480186462402e+00 1.396263480186462402e+00 6.283185482025146484e+00
2.094395160675048828e+00 1.396263480186462402e+00 6.283185482025146484e+00
2.792526960372924805e+00 1.396263480186462402e+00 6.283185482025146484e+00
3.490658760070800781e+00 1.396263480186462402e+00 6.283185482025146484e+00
4.188790321350097656e+00 1.396263480186462402e+00 6.283185482025146484e+00
4.886922359466552734e+00 1.396263480186462402e+00 6.283185482025146484e+00
5.585053920745849609e+00 1.396263480186462402e+00 6.283185482025146484e+00
6.283185482025146484e+00 1.396263480186462402e+00 6.283185482025146484e+00
0.000000000000000000e+00 2.094395160675048828e+00 6.283185482025146484e+00
6.981317400932312012e-01 2.094395160675048828e+00 6.283185482025146484e+00
1.396263480186462402e+00 2.094395160675048828e+00 6.283185482025146484e+00
2.094395160675048828e+00 2.094395160675048828e+00 6.283185482025146484e+00
2.792526960372924805e+00 2.094395160675048828e+00 6.283185482025146484e+00
3.490658760070800781e+00 2.094395160675048828e+00 6.283185482025146484e+00
4.188790321350097656e+00 2.094395160675048828e+00 6.283185482025146484e+00
4.886922359466552734e+00 2.094395160675048828e+00 6.283185482025146484e+00
5.585053920745849609e+00 2.094395160675048828e+00 6.283185482025146484e+00
6.283185482025146484e+00 2.094395160675048828e+00 6.283185482025146484e+00
0.000000000000000000e+00 2.792526960372924805e+00 6.283185482025146484e+00
6.981317400932312012e-01 2.792526960372924805e+00 6.283185482025146484e+00
1.396263480186462402e+00 2.792526960372924805e+00 6.283185482025146484e+00
2.094395160675048828e+00 2.792526960372924805e+00 6.283185482025146484e+00
2.792526960372924805e+00 2.792526960372924805e+00 6.283185482025146484e+00
3.490658760070800781e+00 2.792526960372924805e+00 6.283185482025146484e+00
4.188790321350097656e+00 2.792526960372924805e+00 6.283185482025146484e+00
4.886922359466552734e+00 2.792526960372924805e+00 6.283185482025146484e+00
5.585053920745849609e+00 2.792526960372924805e+00 6.283185482025146484e+00
6.283185482025146484e+00 2.792526960372924805e+00 6.283185482025146484e+00
0.000000000000000000e+00 3.490658760070800781e+00 6.283185482025146484e+00
6.981317400932312012e-01 3.490658760070800781e+00 6.283185482025146484e+00
1.396263480186462402e+00 3.490658760070800781e+00 6.283185482025146484e+00
2.094395160675048828e+00 3.490658760070800781e+00 6.283185482025146484e+00
2.792526960372924805e+00 3.490658760070800781e+00 6.283185482025146484e+00
3.490658760070800781e+00 3.490658760070800781e+00 6.283185482025146484e+00
4.188790321350097656e+00 3.490658760070800781e+00 6.283185482025146484e+00
4.886922359466552734e+00 3.490658760070800781e+00 6.283185482025146484e+00
5.585053920745849609e+00 3.490658760070800781e+00 6.283185482025146484e+00
6.283185482025146484e+00 3.490658760070800781e+00 6.283185482025146484e+00
0.000000000000000000e+00 4.188790321350097656e+00 6.283185482025146484e+00
6.981317400932312012e-01 4.188790321350097656e+00 6.283185482025146484e+00
1.396263480186462402e+00 4.188790321350097656e+00 6.283185482025146484e+00
2.094395160675048828e+00 4.188790321350097656e+00 6.283185482025146484e+00
2.792526960372924805e+00 4.188790321350097656e+00 6.283185482025146484e+00
3.490658760070800781e+00 4.188790321350097656e+00 6.283185482025146484e+00
4.188790321350097656e+00 4.188790321350097656e+00 6.283185482025146484e+00
4.886922359466552734e+00 4.188790321350097656e+00 6.283185482025146484e+00
5.585053920745849609e+00 4.188790321350097656e+00 6.283185482025146484e+00
6.283185482025146484e+00 4.188790321350097656e+00 6.283185482025146484e+00
0.000000000000000000e+00 4.886922359466552734e+00 6.283185482025146484e+00
6.981317400932312012e-01 4.886922359466552734e+00 6.283185482025146484e+00
1.396263480186462402e+00 4.886922359466552734e+00 6.283185482025146484e+00
2.094395160675048828e+00 4.886922359466552734e+00 6.283185482025146484e+00
2.792526960372924805e+00 4.886922359466552734e+00 6.283185482025146484e+00
3.490658760070800781e+00 4.886922359466552734e+00 6.283185482025146484e+00
4.188790321350097656e+00 4.886922359466552734e+00 6.283185482025146484e+00
4.886922359466552734e+00 4.886922359466552734e+00 6.283185482025146484e+00
5.585053920745849609e+00 4.886922359466552734e+00 6.283185482025146484e+00
6.283185482025146484e+00 4.886922359466552734e+00 6.283185482025146484e+00
0.000000000000000000e+00 5.585053920745849609e+00 6.283185482025146484e+00
6.981317400932312012e-01 5.585053920745849609e+00 6.283185482025146484e+00
1.396263480186462402e+00 5.585053920745849609e+00 6.283185482025146484e+00
2.094395160675048828e+00 5.585053920745849609e+00 6.283185482025146484e+00
2.792526960372924805e+00 5.585053920745849609e+00 6.283185482025146484e+00
3.490658760070800781e+00 5.585053920745849609e+00 6.283185482025146484e+00
4.188790321350097656e+00 5.585053920745849609e+00 6.283185482025146484e+00
4.886922359466552734e+00 5.585053920745849609e+00 6.283185482025146484e+00
5.585053920745849609e+00 5.585053920745849609e+00 6.283185482025146484e+00
6.283185482025146484e+00 5.585053920745849609e+00 6.283185482025146484e+00
0.000000000000000000e+00 6.283185482025146484e+00 6.283185482025146484e+00
6.981317400932312012e-01 6.283185482025146484e+00 6.283185482025146484e+00
1.396263480186462402e+00 6.283185482025146484e+00 6.283185482025146484e+00
2.094395160675048828e+00 6.283185482025146484e+00 6.283185482025146484e+00
2.792526960372924805e+00 6.283185482025146484e+00 6.283185482025146484e+00
3.490658760070800781e+00 6.283185482025146484e+00 6.283185482025146484e+00
4.188790321350097656e+00 6.283185482025146484e+00 6.283185482025146484e+00
4.886922359466552734e+00 6.283185482025146484e+00 6.283185482025146484e+00
5.585053920745849609e+00 6.283185482025146484e+00 6.283185482025146484e+00
6.283185482025146484e+00 6.283185482025146484e+00 6.283185482025146484e+00
