1.498986959457397461e+00 4.304611206054687500e+00 -9.519464969635009766e-01
1.647636890411376953e+00 6.492388248443603516e+00 -6.043005585670471191e-01
2.035223007202148438e+00 6.953312397003173828e+00 -2.893457375466823578e-02
1.526467323303222656e+00 5.513487339019775391e+00 9.042385220527648926e-01
-1.611674427986145020e-01 3.039582729339599609e+00 7.208164334297180176e-01
4.895700454711914062e+00 -3.156989336013793945e+00 -4.683083534240722656e+00
9.562448501586914062e+00 1.527631282806396484e+00 4.963894486427307129e-01
1.245016574859619141e+01 5.595409870147705078e-01 2.099889516830444336e+00
1.266106700897216797e+01 6.015453338623046875e-01 2.515410661697387695e+00
7.782174110412597656e+00 4.304618835449218750e+00 -9.519464969635009766e-01
2.723515987396240234e+00 3.800307273864746094e+00 5.321120023727416992e-01
1.985095739364624023e+00 6.511214733123779297e+00 -1.115629076957702637e+00
1.771302700042724609e+00 7.694926738739013672e+00 -3.470106124877929688e-01
2.232579469680786133e+00 7.109479904174804688e+00 2.813638448715209961e-01
5.505921244621276855e-01 4.783217430114746094e+00 1.109434127807617188e+00
3.444332599639892578e+00 -1.429635137319564819e-01 -3.459618091583251953e+00
1.070350837707519531e+01 1.071689367294311523e+00 1.267384529113769531e+00
1.134587097167968750e+01 5.907173156738281250e-01 1.775820136070251465e+00
9.598856925964355469e+00 1.861572265625000000e+00 1.731947541236877441e+00
9.006705284118652344e+00 3.800305366516113281e+00 5.321058034896850586e-01
-2.353886604309082031e+00 1.567248821258544922e+00 5.542344570159912109e+00
2.910770416259765625e+00 5.630179405212402344e+00 -7.209953069686889648e-01
1.655298829078674316e+00 7.929541587829589844e+00 -7.403458952903747559e-01
1.836942553520202637e+00 8.316433906555175781e+00 1.901895180344581604e-02
1.895911335945129395e+00 6.512040138244628906e+00 7.828083634376525879e-01
-8.960532955825328827e-03 4.607986927032470703e+00 7.910951972007751465e-01
8.384514808654785156e+00 1.158916711807250977e+00 3.027555704116821289e+00
6.045135974884033203e+00 1.839840650558471680e+00 6.927077770233154297e+00
6.181070804595947266e+00 1.837562918663024902e+00 7.823626995086669922e+00
3.929299831390380859e+00 1.567247033119201660e+00 5.542346477508544922e+00
-2.135821580886840820e+00 8.444361686706542969e-01 5.472333431243896484e+00
2.991554498672485352e+00 5.116899490356445312e+00 5.655676126480102539e-01
1.645729064941406250e+00 8.185706138610839844e+00 -8.883996605873107910e-01
1.450922608375549316e+00 9.050947189331054688e+00 -2.254992257803678513e-03
2.208665132522583008e+00 7.881362438201904297e+00 5.198409557342529297e-01
-1.088249921798706055e+00 4.584114074707031250e+00 -6.926655024290084839e-02
-7.060407102108001709e-02 4.847845077514648438e+00 4.649332463741302490e-01
6.136248588562011719e+00 1.064128994941711426e+00 6.577312946319580078e+00
6.715725421905517578e+00 1.317652106285095215e+00 7.938016414642333984e+00
4.147356986999511719e+00 8.444395661354064941e-01 5.472329616546630859e+00
-2.341184377670288086e+00 2.431487590074539185e-01 4.330772399902343750e+00
2.845551967620849609e+00 6.875688076019287109e+00 -1.304426789283752441e+00
1.274564146995544434e+00 9.019920349121093750e+00 -5.765335559844970703e-01
1.300241231918334961e+00 9.744511604309082031e+00 1.677753031253814697e-01
1.906847238540649414e+00 8.606374740600585938e+00 6.760219931602478027e-01
-1.477018117904663086e+00 4.700577259063720703e+00 -5.933974981307983398e-01
-3.217453479766845703e+00 3.775790214538574219e+00 -2.167466402053833008e+00
-1.202209517359733582e-01 4.959688663482666016e+00 -1.799612492322921753e-02
5.170563697814941406e+00 1.358411908149719238e-01 5.759392261505126953e+00
3.942000150680541992e+00 2.431506663560867310e-01 4.330773830413818359e+00
2.146529674530029297e+00 4.833766937255859375e+00 1.692797541618347168e+00
2.113260984420776367e+00 8.244389533996582031e+00 -1.108392953872680664e+00
9.833493232727050781e-01 1.025564289093017578e+01 -1.142478436231613159e-01
1.363124608993530273e+00 1.031860351562500000e+01 4.964674413204193115e-01
1.404739141464233398e+00 8.833513259887695312e+00 1.038971781730651855e+00
-8.219499588012695312e-01 5.270304203033447266e+00 -4.452470839023590088e-01
-3.049454450607299805e+00 3.468557834625244141e+00 -2.459228515625000000e+00
-2.341601371765136719e+00 3.848529100418090820e+00 -1.637986660003662109e+00
1.927051663398742676e+00 3.257241964340209961e+00 -1.325801610946655273e+00
8.429565429687500000e+00 4.833682060241699219e+00 1.692961215972900391e+00
2.946840763092041016e+00 7.762538909912109375e+00 -9.693366885185241699e-01
9.380268454551696777e-01 1.006841182708740234e+01 -4.992844164371490479e-01
1.379184603691101074e+00 1.122966861724853516e+01 1.703703552484512329e-01
1.229673027992248535e+00 1.036429214477539062e+01 1.026023983955383301e+00
1.295934557914733887e+00 7.174028873443603516e+00 -2.047618865966796875e+00
4.706513404846191406e+00 5.086755275726318359e+00 -6.186442852020263672e+00
3.821593284606933594e+00 5.171893596649169922e+00 -6.457234859466552734e+00
4.391832649707794189e-01 4.515873908996582031e+00 -2.546993970870971680e+00
9.113563895225524902e-01 4.125006675720214844e+00 -2.229575634002685547e+00
9.230027198791503906e+00 7.762537479400634766e+00 -9.693356752395629883e-01
2.203497886657714844e+00 8.857642173767089844e+00 -9.467552304267883301e-01
1.122853279113769531e+00 1.142723083496093750e+01 -2.331338673830032349e-01
1.701903700828552246e+00 1.173593425750732422e+01 3.486977517604827881e-01
8.193474411964416504e-01 1.017856979370117188e+01 1.347574472427368164e+00
6.068827152252197266e+00 4.471708297729492188e+00 -4.488460063934326172e+00
3.308933496475219727e+00 4.539550304412841797e+00 -7.737707138061523438e+00
2.748048305511474609e+00 4.862627029418945312e+00 -7.919412136077880859e+00
3.152499675750732422e+00 4.387472629547119141e+00 -5.646495819091796875e+00
9.502092361450195312e+00 7.844828128814697266e+00 -6.259394884109497070e-01
8.486669540405273438e+00 8.857651710510253906e+00 -9.467559456825256348e-01
1.319382190704345703e+00 1.005682849884033203e+01 -9.040387868881225586e-01
1.474587798118591309e+00 1.223862743377685547e+01 -3.095290362834930420e-01
1.927873373031616211e+00 1.234334182739257812e+01 2.586392760276794434e-01
8.793645501136779785e-01 1.064563941955566406e+01 1.322713255882263184e+00
5.801923274993896484e+00 4.081539154052734375e+00 -4.154094219207763672e+00
4.164562225341796875e+00 3.725109815597534180e+00 -6.391408443450927734e+00
3.461263895034790039e+00 3.827399730682373047e+00 -6.603853702545166016e+00
9.492844581604003906e+00 8.106972694396972656e+00 -2.683168947696685791e-01
1.223417091369628906e+01 7.143467903137207031e+00 1.657930612564086914e+00
7.602561950683593750e+00 1.005683040618896484e+01 -9.040367007255554199e-01
1.498986124992370605e+00 1.058779716491699219e+01 -9.519433379173278809e-01
1.647637128829956055e+00 1.277557277679443359e+01 -6.042993664741516113e-01
2.035224437713623047e+00 1.323650074005126953e+01 -2.893658168613910675e-02
1.526469826698303223e+00 1.179668140411376953e+01 9.042357802391052246e-01
-1.611685901880264282e-01 9.322767257690429688e+00 7.208138704299926758e-01
4.895700454711914062e+00 3.126195907592773438e+00 -4.683079719543457031e+00
9.562448501586914062e+00 7.810816287994384766e+00 4.963878393173217773e-01
1.245016193389892578e+01 6.842727184295654297e+00 2.099888801574707031e+00
1.266106319427490234e+01 6.884732723236083984e+00 2.515404701232910156e+00
7.782173156738281250e+00 1.058780193328857422e+01 -9.519423842430114746e-01
7.229290485382080078e+00 2.707190811634063721e-01 3.489984273910522461e+00
1.089628458023071289e+00 3.676891326904296875e+00 -9.736847281455993652e-01
6.789281964302062988e-01 5.224460124969482422e+00 1.241939049214124680e-02
3.503290191292762756e-02 3.693385839462280273e+00 5.932101234793663025e-02
3.471663951873779297e+00 -1.400177121162414551e+00 -2.953823089599609375e+00
1.008662986755371094e+01 1.459694266319274902e+00 3.819508552551269531e-01
1.300245285034179688e+01 2.015373259782791138e-01 2.262951374053955078e+00
1.379544830322265625e+01 -1.870027184486389160e-01 2.836767673492431641e+00
1.385973930358886719e+01 -1.411652415990829468e-01 3.141312837600708008e+00
1.351247024536132812e+01 2.707226574420928955e-01 3.489983558654785156e+00
5.371577739715576172e+00 1.066544532775878906e+00 1.751763105392456055e+00
1.266928076744079590e+00 5.530772209167480469e+00 -9.739867448806762695e-01
1.339668631553649902e+00 6.769116878509521484e+00 -1.649428457021713257e-01
1.123836636543273926e+00 6.018057346343994141e+00 3.334160745143890381e-01
7.316119194030761719e+00 7.940695881843566895e-01 2.356375455856323242e+00
1.106674861907958984e+01 6.631928086280822754e-01 1.416113734245300293e+00
1.248755168914794922e+01 -2.217205762863159180e-01 2.284469842910766602e+00
1.249612522125244141e+01 -4.524750709533691406e-01 2.475301980972290039e+00
1.207960987091064453e+01 -2.827029675245285034e-02 2.313841104507446289e+00
1.165475559234619141e+01 1.066545724868774414e+00 1.751755118370056152e+00
-1.543599128723144531e+00 1.723670005798339844e+00 6.538991451263427734e+00
2.539911508560180664e+00 5.508505344390869141e+00 -9.808452129364013672e-01
1.273584961891174316e+00 7.600105762481689453e+00 -5.834427475929260254e-01
1.440781235694885254e+00 7.741131782531738281e+00 2.585149705410003662e-01
1.004221320152282715e+00 6.052274227142333984e+00 4.941210448741912842e-01
7.826853752136230469e+00 1.022239804267883301e+00 3.626575231552124023e+00
6.256759166717529297e+00 1.635388135910034180e+00 5.979667663574218750e+00
6.781432628631591797e+00 2.180433988571166992e+00 7.942878246307373047e+00
6.804097175598144531e+00 2.100397348403930664e+00 8.637441635131835938e+00
4.739573478698730469e+00 1.723670005798339844e+00 6.538976192474365234e+00
-1.134371519088745117e+00 1.061826944351196289e+00 6.731413364410400391e+00
2.415171623229980469e+00 4.680652618408203125e+00 1.448665618896484375e+00
1.240429043769836426e+00 7.883475303649902344e+00 -9.863135814666748047e-01
9.771521687507629395e-01 8.673468589782714844e+00 2.506321370601654053e-01
1.501651763916015625e+00 7.745159149169921875e+00 6.073307394981384277e-01
4.729512035846710205e-01 5.680733680725097656e+00 3.876233100891113281e-01
6.230764865875244141e+00 1.000532746315002441e+00 6.296912670135498047e+00
7.329132080078125000e+00 1.694419145584106445e+00 8.101073265075683594e+00
7.427916049957275391e+00 1.619186758995056152e+00 8.708065032958984375e+00
5.148820400238037109e+00 1.061826348304748535e+00 6.731419086456298828e+00
-2.805771589279174805e+00 4.043750464916229248e-01 4.170611858367919922e+00
2.604297876358032227e+00 6.657478332519531250e+00 -1.821328759193420410e+00
9.199770092964172363e-01 8.473830223083496094e+00 -7.489359974861145020e-01
7.297879457473754883e-01 9.291021347045898438e+00 4.759217202663421631e-01
1.144413709640502930e+00 8.490653038024902344e+00 7.533458471298217773e-01
5.677323341369628906e-01 6.329513549804687500e+00 4.348480403423309326e-01
2.932961657643318176e-02 5.256411075592041016e+00 -4.708738625049591064e-02
6.048700332641601562e+00 4.625990092754364014e-01 6.674963951110839844e+00
6.126004219055175781e+00 5.473198890686035156e-01 7.134676456451416016e+00
3.477410793304443359e+00 4.043812751770019531e-01 4.170612335205078125e+00
3.392504215240478516e+00 5.495601177215576172e+00 -6.996618211269378662e-02
2.369105577468872070e+00 7.257486343383789062e+00 -1.947615265846252441e+00
4.305412769317626953e-01 9.437984466552734375e+00 1.199375279247760773e-02
5.874218940734863281e-01 9.528875350952148438e+00 7.744772434234619141e-01
5.293483734130859375e-01 8.098113059997558594e+00 2.870293557643890381e-01
1.168070361018180847e-01 6.137732028961181641e+00 -7.633495926856994629e-01
-1.214242219924926758e+00 4.669955730438232422e+00 -1.037609100341796875e+00
5.978574275970458984e+00 5.801857113838195801e-01 4.344181537628173828e+00
4.140466690063476562e+00 -2.846865952014923096e-01 4.306933403015136719e+00
9.675689697265625000e+00 5.495602607727050781e+00 -6.997135281562805176e-02
3.746802568435668945e+00 6.492840290069580078e+00 -1.279885053634643555e+00
1.331375956535339355e+00 8.505717277526855469e+00 -1.212260484695434570e+00
3.417842090129852295e-01 9.982005119323730469e+00 4.435616135597229004e-01
1.634748280048370361e-01 8.966493606567382812e+00 5.305587649345397949e-01
5.443364620208740234e+00 4.994753360748291016e+00 -4.946518898010253906e+00
4.489820003509521484e+00 4.959859371185302734e+00 -6.291484355926513672e+00
3.005890369415283203e+00 5.060519218444824219e+00 -4.918001651763916016e+00
4.126035869121551514e-01 4.235553264617919922e+00 -1.607211709022521973e+00
9.736617088317871094e+00 5.874248504638671875e+00 -3.893399238586425781e-01
1.002998447418212891e+01 6.492843151092529297e+00 -1.279887437820434570e+00
6.430366992950439453e+00 6.759828090667724609e+00 1.442163586616516113e+00
7.833383679389953613e-01 9.250665664672851562e+00 -7.799879908561706543e-01
2.347508221864700317e-01 1.012517929077148438e+01 4.858443140983581543e-01
2.047643899917602539e+00 7.307931900024414062e+00 -2.768301725387573242e+00
5.515065670013427734e+00 4.059747695922851562e+00 -5.022173881530761719e+00
3.493056774139404297e+00 4.435414314270019531e+00 -7.234720230102539062e+00
3.357228040695190430e+00 4.453175544738769531e+00 -5.926499366760253906e+00
9.594452857971191406e+00 7.020790100097656250e+00 -6.334642767906188965e-01
1.231920909881591797e+01 6.469494342803955078e+00 9.869065880775451660e-01
1.271354675292968750e+01 6.759825229644775391e+00 1.442154169082641602e+00
7.719336509704589844e+00 6.884825706481933594e+00 2.795341730117797852e+00
1.329973220825195312e+00 9.177909851074218750e+00 -1.068175077438354492e+00
2.427330464124679565e-01 1.047821712493896484e+01 2.384425848722457886e-01
1.238177776336669922e+00 7.838669776916503906e+00 -1.868723869323730469e+00
5.044653415679931641e+00 3.416158676147460938e+00 -4.789630889892578125e+00
3.952864646911621094e+00 3.528493404388427734e+00 -5.793593883514404297e+00
9.544281005859375000e+00 7.743724822998046875e+00 -2.616021633148193359e-01
1.330774116516113281e+01 6.555238246917724609e+00 2.048156976699829102e+00
1.430319404602050781e+01 6.619382381439208984e+00 2.501711845397949219e+00
1.400252914428710938e+01 6.884824752807617188e+00 2.795342206954956055e+00
7.229288578033447266e+00 6.553904056549072266e+00 3.489984035491943359e+00
1.089639663696289062e+00 9.960061073303222656e+00 -9.736875295639038086e-01
6.789304614067077637e-01 1.150765132904052734e+01 1.241809688508510590e-02
3.503032401204109192e-02 9.976581573486328125e+00 5.932411178946495056e-02
3.471662282943725586e+00 4.883000850677490234e+00 -2.953838825225830078e+00
1.008663082122802734e+01 7.742876052856445312e+00 3.819462954998016357e-01
1.300245285034179688e+01 6.484724521636962891e+00 2.262950420379638672e+00
1.379545211791992188e+01 6.096181869506835938e+00 2.836765289306640625e+00
1.385974693298339844e+01 6.142022609710693359e+00 3.141307115554809570e+00
1.351246929168701172e+01 6.553908348083496094e+00 3.489984273910522461e+00
8.909169197082519531e+00 -1.072936728596687317e-01 2.086661577224731445e+00
9.399634361267089844e+00 3.719072639942169189e-01 1.922494769096374512e+00
9.713396072387695312e+00 7.122566699981689453e-01 1.648250460624694824e+00
1.029522991180419922e+01 9.563315510749816895e-01 9.737846255302429199e-01
1.092178440093994141e+01 8.665085434913635254e-01 6.593170166015625000e-01
1.262881851196289062e+01 1.161453798413276672e-01 1.635066270828247070e+00
1.354442310333251953e+01 -3.172172904014587402e-01 2.060268163681030273e+00
1.391584873199462891e+01 -6.013732552528381348e-01 2.268958330154418945e+00
1.429566764831542969e+01 -5.954544544219970703e-01 2.431091785430908203e+00
1.519235229492187500e+01 -1.072935685515403748e-01 2.086663961410522461e+00
6.360014915466308594e+00 -6.396490931510925293e-01 2.908688545227050781e+00
6.849360466003417969e+00 -1.913298070430755615e-01 3.855171680450439453e+00
7.220753192901611328e+00 4.242325425148010254e-01 3.863556146621704102e+00
9.160039901733398438e+00 6.957267522811889648e-01 2.326755523681640625e+00
1.141046142578125000e+01 2.246778458356857300e-01 1.452407479286193848e+00
1.261557102203369141e+01 -3.858522474765777588e-01 2.013691425323486328e+00
1.271010684967041016e+01 -7.580891847610473633e-01 2.114656925201416016e+00
1.179335308074951172e+01 -5.358292460441589355e-01 1.870100736618041992e+00
7.997646808624267578e+00 1.421130537986755371e+00 3.582209587097167969e+00
1.264318847656250000e+01 -6.396439075469970703e-01 2.908673286437988281e+00
4.700860381126403809e-01 1.947288870811462402e+00 9.122794151306152344e+00
-2.028493881225585938e+00 2.155208110809326172e+00 5.363003730773925781e+00
1.188277721405029297e+00 5.967935562133789062e+00 -9.336140155792236328e-01
5.398103594779968262e-01 5.190379142761230469e+00 -4.900673925876617432e-01
7.599395751953125000e+00 7.783277034759521484e-01 3.906829833984375000e+00
8.794746398925781250e+00 6.960296630859375000e-01 2.883930921554565430e+00
6.553235054016113281e+00 1.521633982658386230e+00 6.547240734100341797e+00
7.556546211242675781e+00 2.337478637695312500e+00 8.057460784912109375e+00
7.492455005645751953e+00 2.413062810897827148e+00 8.863381385803222656e+00
6.753271579742431641e+00 1.947291493415832520e+00 9.122794151306152344e+00
9.834967851638793945e-01 1.380547165870666504e+00 9.070256233215332031e+00
-3.450310945510864258e+00 1.467622876167297363e+00 4.479958534240722656e+00
1.576716303825378418e+00 6.943048477172851562e+00 -1.454421281814575195e+00
9.131067395210266113e-01 7.388864994049072266e+00 -3.707203567028045654e-01
7.440302968025207520e-01 6.231981754302978516e+00 4.901043139398097992e-03
6.379191398620605469e+00 6.735299825668334961e-01 5.543149948120117188e+00
6.961019515991210938e+00 1.212345838546752930e+00 7.222732067108154297e+00
7.955054759979248047e+00 1.671783566474914551e+00 7.971406936645507812e+00
8.101552963256835938e+00 1.770737886428833008e+00 8.569856643676757812e+00
7.266677379608154297e+00 1.380543708801269531e+00 9.070255279541015625e+00
-2.140345335006713867e+00 3.475078940391540527e-01 5.295763969421386719e+00
-3.041905879974365234e+00 1.431113243103027344e+00 3.860512018203735352e+00
1.889143347740173340e+00 6.962713718414306641e+00 -2.220838785171508789e+00
7.894391417503356934e-01 7.649523735046386719e+00 -9.243879914283752441e-01
6.492031812667846680e-01 7.199731826782226562e+00 -2.341215759515762329e-01
2.555351555347442627e-01 5.738910675048828125e+00 -1.194809302687644958e-01
6.050927162170410156e+00 2.979145348072052002e-01 6.271542072296142578e+00
6.844009876251220703e+00 4.831201434135437012e-01 7.308858871459960938e+00
7.044399738311767578e+00 6.048538684844970703e-01 7.727984428405761719e+00
4.142828941345214844e+00 3.475069403648376465e-01 5.295752048492431641e+00
-2.720480203628540039e+00 2.144730091094970703e-01 3.392086267471313477e+00
2.831229448318481445e+00 6.181908607482910156e+00 -2.617026329040527344e+00
2.612102508544921875e+00 6.660726070404052734e+00 -3.064738988876342773e+00
2.260300636291503906e+00 6.854293823242187500e+00 -2.958668947219848633e+00
3.022342443466186523e+00 6.088534832000732422e+00 -3.930105447769165039e+00
6.678437441587448120e-02 5.690365314483642578e+00 -1.200463414192199707e+00
3.477045059204101562e+00 2.308806180953979492e+00 -3.958099186420440674e-01
4.850088596343994141e+00 -5.533796548843383789e-01 5.347609996795654297e+00
3.950914621353149414e+00 -7.104039192199707031e-01 4.225413322448730469e+00
3.562701225280761719e+00 2.144789099693298340e-01 3.392089128494262695e+00
3.367762565612792969e+00 5.872730731964111328e+00 -1.955001473426818848e+00
3.340032815933227539e+00 5.674799442291259766e+00 -3.180400848388671875e+00
3.911386013031005859e+00 5.726722240447998047e+00 -4.066102027893066406e+00
5.155110836029052734e+00 4.808072566986083984e+00 -4.766679763793945312e+00
5.000162601470947266e+00 4.650379180908203125e+00 -5.615336894989013672e+00
3.923227787017822266e+00 5.007458686828613281e+00 -5.864215373992919922e+00
-3.044271469116210938e-01 4.662104606628417969e+00 -1.189417839050292969e+00
4.414468765258789062e+00 -5.204920768737792969e-01 4.260114669799804688e+00
3.925782203674316406e+00 7.761470973491668701e-02 3.511025905609130859e+00
9.650942802429199219e+00 5.872743129730224609e+00 -1.954998970031738281e+00
6.780748844146728516e+00 6.119313240051269531e+00 1.203087449073791504e+00
4.062777042388916016e+00 5.624536991119384766e+00 -1.437980890274047852e+00
4.170820713043212891e+00 4.857627868652343750e+00 -4.215109348297119141e+00
4.986911773681640625e+00 3.882912158966064453e+00 -4.878530025482177734e+00
4.314394474029541016e+00 3.996449470520019531e+00 -6.085267066955566406e+00
3.530539512634277344e+00 4.404892921447753906e+00 -6.041211128234863281e+00
6.039095401763916016e+00 3.138329267501831055e+00 2.170971632003784180e+00
9.198605537414550781e+00 5.163628101348876953e+00 1.001283407211303711e+00
1.075916671752929688e+01 5.752879142761230469e+00 -7.136417627334594727e-01
1.306393623352050781e+01 6.119309902191162109e+00 1.203088045120239258e+00
9.248243331909179688e+00 6.665781497955322266e+00 1.481927990913391113e+00
9.263377189636230469e+00 7.003045558929443359e+00 1.548817276954650879e+00
8.115373611450195312e+00 6.823118686676025391e+00 1.700006008148193359e+00
3.479359388351440430e+00 4.243556499481201172e+00 -3.934496641159057617e+00
3.318166255950927734e+00 3.823448181152343750e+00 -4.529733657836914062e+00
9.588000297546386719e+00 7.240313053131103516e+00 -9.959856048226356506e-03
1.077899265289306641e+01 6.403824806213378906e+00 -3.238926529884338379e-01
1.291226387023925781e+01 5.971389770507812500e+00 1.309305906295776367e+00
1.456110572814941406e+01 6.236421108245849609e+00 1.813931465148925781e+00
1.553142452239990234e+01 6.665779590606689453e+00 1.481931924819946289e+00
8.909160614013671875e+00 6.175889492034912109e+00 2.086670398712158203e+00
9.399633407592773438e+00 6.655090808868408203e+00 1.922496438026428223e+00
9.713394165039062500e+00 6.995441913604736328e+00 1.648253083229064941e+00
1.029522895812988281e+01 7.239516258239746094e+00 9.737864136695861816e-01
1.092178440093994141e+01 7.149693489074707031e+00 6.593163609504699707e-01
1.262881469726562500e+01 6.399334430694580078e+00 1.635064125061035156e+00
1.354442214965820312e+01 5.965965270996093750e+00 2.060266256332397461e+00
1.391584968566894531e+01 5.681813716888427734e+00 2.268959999084472656e+00
1.429566287994384766e+01 5.687727451324462891e+00 2.431096792221069336e+00
1.519234275817871094e+01 6.175890445709228516e+00 2.086675405502319336e+00
7.364954948425292969e+00 -1.185321927070617676e+00 2.643380403518676758e+00
9.795255661010742188e+00 -1.453177779912948608e-01 1.111293077468872070e+00
1.073971557617187500e+01 2.718773782253265381e-01 6.697161197662353516e-01
1.106435489654541016e+01 3.924351930618286133e-01 5.455517768859863281e-01
1.132569885253906250e+01 1.299064457416534424e-01 4.107936024665832520e-01
1.111184024810791016e+01 -3.364196121692657471e-01 -1.711016520857810974e-04
1.067663860321044922e+01 -7.083094716072082520e-01 -3.369379043579101562e-02
1.090419960021972656e+01 -8.079871535301208496e-01 6.004393696784973145e-01
1.252151584625244141e+01 -1.048890233039855957e+00 1.810927033424377441e+00
1.364814090728759766e+01 -1.185323119163513184e+00 2.643381595611572266e+00
7.158952951431274414e-01 2.742189168930053711e+00 8.495577812194824219e+00
6.432692527770996094e+00 -1.237400412559509277e+00 3.315598249435424805e+00
9.296275138854980469e+00 -1.114494055509567261e-01 1.968745827674865723e+00
1.112885475158691406e+01 -9.117911756038665771e-02 1.063201308250427246e+00
1.189484214782714844e+01 -3.596832156181335449e-01 1.151734471321105957e+00
1.167458915710449219e+01 -6.609105467796325684e-01 8.574997186660766602e-01
9.618047714233398438e+00 -5.233353376388549805e-01 1.703090310096740723e+00
6.630306720733642578e+00 4.678495526313781738e-01 6.462203502655029297e+00
7.689724922180175781e+00 2.662623167037963867e+00 7.956914424896240234e+00
6.999080657958984375e+00 2.742189168930053711e+00 8.495578765869140625e+00
8.547734618186950684e-01 2.083500385284423828e+00 9.758857727050781250e+00
3.044599890708923340e-01 1.838673353195190430e+00 9.156257629394531250e+00
5.925770282745361328e+00 6.581898927688598633e-01 2.379551649093627930e+00
7.309577465057373047e+00 6.896337866783142090e-02 3.973765134811401367e+00
1.007967662811279297e+01 -7.225371897220611572e-02 1.674007654190063477e+00
9.188459396362304688e+00 -1.584655642509460449e-01 2.296276807785034180e+00
5.269936084747314453e+00 -1.135116696357727051e+00 5.331445217132568359e+00
7.089540958404541016e+00 3.350790441036224365e-01 7.194620609283447266e+00
8.519310951232910156e+00 2.338288545608520508e+00 7.948600292205810547e+00
7.137958526611328125e+00 2.083501338958740234e+00 9.758858680725097656e+00
1.687627077102661133e+00 1.478686571121215820e+00 9.063456535339355469e+00
4.691171944141387939e-01 1.215231895446777344e+00 8.713208198547363281e+00
-3.166758060455322266e+00 1.827127575874328613e+00 4.453272819519042969e+00
1.064039826393127441e+00 5.957447052001953125e+00 -9.574163556098937988e-01
6.519905090332031250e+00 9.356722235679626465e-02 4.682912349700927734e+00
6.472170829772949219e+00 1.073740795254707336e-01 5.282350540161132812e+00
4.606489658355712891e+00 -1.565896153450012207e+00 4.881000041961669922e+00
3.748439073562622070e+00 -1.834703445434570312e+00 4.185477256774902344e+00
8.459163665771484375e+00 1.305889844894409180e+00 7.924735069274902344e+00
7.970816135406494141e+00 1.478689193725585938e+00 9.063453674316406250e+00
-1.998469114303588867e+00 -1.761917024850845337e-01 5.187052726745605469e+00
-3.701920986175537109e+00 1.065488815307617188e+00 4.057660102844238281e+00
3.046561241149902344e+00 5.622516155242919922e+00 -9.608254432678222656e-01
1.308544039726257324e+00 6.747676372528076172e+00 -1.778635144233703613e+00
6.081576943397521973e-01 6.384593009948730469e+00 -5.610216856002807617e-01
6.075718402862548828e+00 -4.278149828314781189e-02 5.120538234710693359e+00
5.138839244842529297e+00 -1.021797418594360352e+00 5.311301231384277344e+00
3.484847784042358398e+00 -2.398283243179321289e+00 3.301327228546142578e+00
3.609406709671020508e+00 -1.628521561622619629e+00 3.683826923370361328e+00
4.284695148468017578e+00 -1.761950254440307617e-01 5.187028408050537109e+00
-2.342695236206054688e+00 -7.885450124740600586e-01 2.847882270812988281e+00
-3.018589973449707031e+00 8.170150518417358398e-01 3.209696054458618164e+00
3.008661270141601562e+00 5.834769725799560547e+00 -3.476960420608520508e+00
3.885181427001953125e+00 5.511099338531494141e+00 -4.548624038696289062e+00
2.376955509185791016e+00 5.861668109893798828e+00 -3.525430917739868164e+00
7.615630328655242920e-02 5.482737541198730469e+00 -6.328476667404174805e-01
5.279657840728759766e+00 -6.657459139823913574e-01 5.276757240295410156e+00
3.802700519561767578e+00 -2.043444156646728516e+00 3.647660970687866211e+00
3.827127933502197266e+00 -2.082366228103637695e+00 2.830486297607421875e+00
3.940486431121826172e+00 -7.885388731956481934e-01 2.847883462905883789e+00
-2.458522081375122070e+00 2.296503186225891113e-01 2.889875411987304688e+00
3.134436368942260742e+00 5.413582801818847656e+00 -2.827291965484619141e+00
4.148016929626464844e+00 4.684951305389404297e+00 -4.643906116485595703e+00
4.715614795684814453e+00 4.443832874298095703e+00 -5.298935890197753906e+00
4.263169288635253906e+00 4.773370265960693359e+00 -5.821333885192871094e+00
2.598316669464111328e-01 5.032224178314208984e+00 -1.912517547607421875e+00
5.301927566528320312e+00 -3.318436145782470703e-01 4.805260658264160156e+00
4.071819782257080078e+00 -1.606738209724426270e+00 3.698342084884643555e+00
4.225841045379638672e+00 -1.508350133895874023e+00 2.862350225448608398e+00
3.824661493301391602e+00 2.296532243490219116e-01 2.889875888824462891e+00
4.501650810241699219e+00 5.356184005737304688e+00 -7.032095193862915039e-01
3.855070352554321289e+00 4.978822708129882812e+00 -1.614601016044616699e+00
3.617856740951538086e+00 4.245534896850585938e+00 -4.350112915039062500e+00
4.136346817016601562e+00 3.887737512588500977e+00 -5.402488708496093750e+00
3.674050807952880859e+00 4.249853610992431641e+00 -5.809873580932617188e+00
7.182280421257019043e-01 4.415273189544677734e+00 -2.426644325256347656e+00
4.821892261505126953e+00 -4.857910424470901489e-02 4.387677669525146484e+00
4.323691844940185547e+00 -8.997957706451416016e-01 3.361402750015258789e+00
4.036151885986328125e+00 2.126694321632385254e-01 3.010669231414794922e+00
1.078484249114990234e+01 5.356185436248779297e+00 -7.032018303871154785e-01
8.119834899902343750e+00 5.844959735870361328e+00 1.677368521690368652e+00
9.493900299072265625e+00 6.628286838531494141e+00 9.185597300529479980e-01
9.565628051757812500e+00 6.990157604217529297e+00 7.270309925079345703e-01
9.025123596191406250e+00 6.772704601287841797e+00 8.855606913566589355e-01
9.263442993164062500e+00 6.603438854217529297e+00 5.341174602508544922e-01
9.713297843933105469e+00 6.037098884582519531e+00 -4.651926457881927490e-02
4.049640655517578125e+00 1.959848403930664062e+00 4.091613292694091797e+00
3.541162729263305664e+00 1.717983603477478027e+00 3.617811441421508789e+00
1.159235763549804688e+01 5.394709110260009766e+00 3.595550656318664551e-01
1.440303325653076172e+01 5.844964027404785156e+00 1.677363395690917969e+00
7.364956855773925781e+00 5.097863674163818359e+00 2.643378257751464844e+00
9.795252799987792969e+00 6.137866973876953125e+00 1.111289501190185547e+00
1.073971462249755859e+01 6.555061340332031250e+00 6.697133779525756836e-01
1.106435394287109375e+01 6.675620079040527344e+00 5.455505251884460449e-01
1.132569885253906250e+01 6.413093090057373047e+00 4.107937514781951904e-01
1.111183738708496094e+01 5.946766853332519531e+00 -1.726964255794882774e-04
1.067664432525634766e+01 5.574876308441162109e+00 -3.369257971644401550e-02
1.090419960021972656e+01 5.475197315216064453e+00 6.004417538642883301e-01
1.252152156829833984e+01 5.234293460845947266e+00 1.810931086540222168e+00
1.364814186096191406e+01 5.097861289978027344e+00 2.643380165100097656e+00
1.368802547454833984e+00 2.583019971847534180e+00 7.764230251312255859e+00
6.630542755126953125e+00 -1.583802819252014160e+00 2.754583597183227539e+00
9.716227531433105469e+00 -3.164961338043212891e-01 8.172389268875122070e-01
1.028383064270019531e+01 7.209670729935169220e-05 3.323580697178840637e-02
1.000946807861328125e+01 -3.771472573280334473e-01 -2.347945608198642731e-02
4.124720096588134766e+00 -4.669981002807617188e+00 3.995789051055908203e+00
4.598633289337158203e+00 -6.445642948150634766e+00 3.295343637466430664e+00
4.680741310119628906e+00 -6.070212841033935547e+00 2.674604415893554688e+00
3.294625759124755859e+00 -4.000706672668457031e+00 2.329205513000488281e+00
7.651987075805664062e+00 2.583019733428955078e+00 7.764228820800781250e+00
1.960789442062377930e+00 2.830907821655273438e+00 8.265515327453613281e+00
6.233360171318054199e-01 2.621869564056396484e+00 9.367974281311035156e+00
6.385950088500976562e+00 -1.641828417778015137e+00 3.426097631454467773e+00
1.012482833862304688e+01 -4.436248242855072021e-01 8.059893250465393066e-01
1.020601463317871094e+01 -6.232146024703979492e-01 4.728096425533294678e-01
3.938279628753662109e+00 -3.992598295211791992e+00 3.873291492462158203e+00
4.345498085021972656e+00 -5.654868125915527344e+00 3.022803306579589844e+00
4.111760139465332031e+00 -4.921399116516113281e+00 2.317064523696899414e+00
6.746695518493652344e+00 -2.070475965738296509e-01 7.078857898712158203e+00
8.243970870971679688e+00 2.830909729003906250e+00 8.265518188476562500e+00
1.779966711997985840e+00 2.038267135620117188e+00 9.099249839782714844e+00
-1.021272912621498108e-01 1.614536762237548828e+00 1.085087966918945312e+01
1.185103952884674072e-01 1.849928975105285645e+00 8.940246582031250000e+00
6.418915748596191406e+00 -1.194579243659973145e+00 3.870770215988159180e+00
8.896177291870117188e+00 -6.266118884086608887e-01 2.100364685058593750e+00
4.182784557342529297e+00 -3.275843381881713867e+00 3.974958419799804688e+00
4.100563526153564453e+00 -5.029224395751953125e+00 2.910166263580322266e+00
3.973070383071899414e+00 -4.374625682830810547e+00 2.165179729461669922e+00
8.187845230102539062e+00 8.163908720016479492e-01 7.633894443511962891e+00
8.063166618347167969e+00 2.038268804550170898e+00 9.099232673645019531e+00
2.195460796356201172e+00 1.282031059265136719e+00 8.524657249450683594e+00
9.785614013671875000e-01 1.182898402214050293e+00 9.682514190673828125e+00
-1.312805294990539551e+00 1.377702951431274414e+00 6.880513191223144531e+00
-2.380314111709594727e+00 2.157860517501831055e+00 5.055171966552734375e+00
6.404747486114501953e+00 -7.392563223838806152e-01 4.300788402557373047e+00
5.507024288177490234e+00 -1.779522657394409180e+00 4.427987098693847656e+00
3.796017169952392578e+00 -4.274783134460449219e+00 3.074800968170166016e+00
4.133756637573242188e+00 -4.344929695129394531e+00 2.356607437133789062e+00
3.411943912506103516e+00 -2.432322025299072266e+00 2.533472061157226562e+00
8.478649139404296875e+00 1.282031059265136719e+00 8.524653434753417969e+00
-2.357664823532104492e+00 -1.289912581443786621e+00 2.661027908325195312e+00
-4.440270423889160156e+00 1.518477320671081543e+00 4.198355674743652344e+00
-4.984844684600830078e+00 2.087595462799072266e+00 4.483157157897949219e+00
3.031430006027221680e+00 5.299085140228271484e+00 -5.412448048591613770e-01
9.870131611824035645e-01 5.689328193664550781e+00 -1.071162223815917969e+00
5.995469570159912109e+00 -7.611575126647949219e-01 4.720240116119384766e+00
4.014076232910156250e+00 -2.982210397720336914e+00 3.700354576110839844e+00
4.047546863555908203e+00 -4.074445247650146484e+00 2.713788270950317383e+00
4.155395984649658203e+00 -3.287756919860839844e+00 2.154142856597900391e+00
3.925521850585937500e+00 -1.289911627769470215e+00 2.661024570465087891e+00
-1.511580348014831543e+00 -1.491136550903320312e+00 2.282786846160888672e+00
-4.490978717803955078e+00 1.555201172828674316e+00 3.731635570526123047e+00
-3.186792850494384766e+00 1.190233945846557617e+00 3.176033258438110352e+00
2.511643648147583008e+00 5.957044124603271484e+00 -3.204890489578247070e+00
1.172005653381347656e+00 6.085698127746582031e+00 -2.068324804306030273e+00
1.109869599342346191e+00 3.944801807403564453e+00 -1.207662105560302734e+00
4.929078578948974609e+00 -1.611592650413513184e+00 4.505698680877685547e+00
3.949597358703613281e+00 -3.310655832290649414e+00 3.061815738677978516e+00
4.372324943542480469e+00 -3.171250820159912109e+00 2.510691165924072266e+00
4.771605014801025391e+00 -1.491135358810424805e+00 2.282786607742309570e+00
-1.541183948516845703e+00 -5.979254841804504395e-01 2.342111825942993164e+00
-2.993863821029663086e+00 1.061731338500976562e+00 2.709443330764770508e+00
3.055904150009155273e+00 5.218960762023925781e+00 -3.359863519668579102e+00
4.003832817077636719e+00 4.707906723022460938e+00 -5.058789253234863281e+00
3.370237112045288086e+00 5.074782371520996094e+00 -4.864149570465087891e+00
1.003447324037551880e-01 5.149737358093261719e+00 -1.113506674766540527e+00
5.194746494293212891e+00 -9.794896841049194336e-01 4.639713764190673828e+00
4.152674198150634766e+00 -2.569377183914184570e+00 3.310790300369262695e+00
4.613545894622802734e+00 -2.528531074523925781e+00 2.702686309814453125e+00
4.742003917694091797e+00 -5.979276299476623535e-01 2.342111349105834961e+00
-2.506189346313476562e+00 8.482378125190734863e-01 2.427788019180297852e+00
4.963056564331054688e+00 5.189850330352783203e+00 -1.793119758367538452e-01
2.959574699401855469e+00 4.487177371978759766e+00 -3.459032535552978516e+00
3.448247432708740234e+00 4.211678028106689453e+00 -4.940601348876953125e+00
2.675137758255004883e+00 4.548208713531494141e+00 -4.483686447143554688e+00
6.372352838516235352e-01 4.309922218322753906e+00 -1.669308662414550781e+00
4.942583560943603516e+00 -9.073600769042968750e-01 4.332523345947265625e+00
4.468714237213134766e+00 -2.029190540313720703e+00 3.224327802658081055e+00
5.045860767364501953e+00 -1.356333136558532715e+00 2.693853139877319336e+00
3.776992082595825195e+00 8.482404351234436035e-01 2.427790164947509766e+00
-1.025046348571777344e+00 4.931435585021972656e+00 5.116920471191406250e+00
7.733977317810058594e+00 5.405534744262695312e+00 1.798538088798522949e+00
8.980151176452636719e+00 6.235520839691162109e+00 9.943690299987792969e-01
8.611937522888183594e+00 6.041118144989013672e+00 1.077475309371948242e+00
7.275514602661132812e+00 4.586683273315429688e+00 1.903918266296386719e+00
4.996180057525634766e+00 1.115868568420410156e+00 4.193587303161621094e+00
4.680420875549316406e+00 -8.345039486885070801e-01 3.722571611404418945e+00
4.911803722381591797e+00 -1.131408691406250000e+00 2.995045900344848633e+00
4.387045860290527344e+00 4.549155831336975098e-01 2.418198585510253906e+00
5.258160591125488281e+00 4.931454658508300781e+00 5.116929054260253906e+00
1.368802428245544434e+00 8.866199493408203125e+00 7.764227867126464844e+00
6.630544662475585938e+00 4.699383735656738281e+00 2.754583597183227539e+00
9.716228485107421875e+00 5.966688156127929688e+00 8.172402381896972656e-01
1.028383064270019531e+01 6.283257007598876953e+00 3.323522582650184631e-02
1.000946998596191406e+01 5.906036853790283203e+00 -2.348043210804462433e-02
4.124720096588134766e+00 1.613205909729003906e+00 3.995788812637329102e+00
4.598632812500000000e+00 -1.624542772769927979e-01 3.295344114303588867e+00
4.680741786956787109e+00 2.129732221364974976e-01 2.674603700637817383e+00
3.294626474380493164e+00 2.282475948333740234e+00 2.329203128814697266e+00
7.651987552642822266e+00 8.866204261779785156e+00 7.764229774475097656e+00
2.500250339508056641e+00 2.237019777297973633e+00 7.199289321899414062e+00
1.718627810478210449e+00 3.306324481964111328e+00 8.179862022399902344e+00
6.272605895996093750e+00 -1.410614490509033203e+00 2.525564670562744141e+00
8.388141632080078125e+00 -1.098050355911254883e+00 1.775186896324157715e+00
5.845248699188232422e+00 -3.120804786682128906e+00 3.584050655364990234e+00
4.994036197662353516e+00 -5.750902652740478516e+00 4.074347019195556641e+00
5.263040542602539062e+00 -6.861222743988037109e+00 3.687508344650268555e+00
5.555006504058837891e+00 -6.388139247894287109e+00 2.950030088424682617e+00
3.858351230621337891e+00 -4.206413745880126953e+00 1.500048398971557617e+00
8.783436775207519531e+00 2.237020730972290039e+00 7.199286937713623047e+00
2.580627918243408203e+00 2.538521528244018555e+00 7.921921730041503906e+00
-4.148715436458587646e-01 2.130266189575195312e+00 1.092348289489746094e+01
8.396779745817184448e-02 2.340998888015747070e+00 9.934290885925292969e+00
6.253216266632080078e+00 -2.048378467559814453e+00 3.382842540740966797e+00
5.788389205932617188e+00 -2.733678340911865234e+00 3.772652387619018555e+00
4.627343177795410156e+00 -5.396158218383789062e+00 3.816814184188842773e+00
5.244364261627197266e+00 -6.266069412231445312e+00 3.427494287490844727e+00
5.109276771545410156e+00 -5.360857963562011719e+00 2.393295049667358398e+00
3.371671438217163086e+00 -3.154500722885131836e+00 1.807217359542846680e+00
8.863801956176757812e+00 2.538519144058227539e+00 7.921938896179199219e+00
1.866014361381530762e+00 1.829974651336669922e+00 9.217502593994140625e+00
-6.718139648437500000e-01 1.378271102905273438e+00 1.173560333251953125e+01
-5.391412973403930664e-01 1.306034445762634277e+00 1.102334213256835938e+01
-1.085077822208404541e-01 1.966557741165161133e+00 8.617873191833496094e+00
5.931767940521240234e+00 -2.153235197067260742e+00 3.734536170959472656e+00
4.381910324096679688e+00 -4.275681018829345703e+00 3.766862392425537109e+00
4.950451850891113281e+00 -5.554818153381347656e+00 3.337200641632080078e+00
4.937021732330322266e+00 -4.895791530609130859e+00 2.372074127197265625e+00
3.230249881744384766e+00 -2.289896965026855469e+00 2.704155921936035156e+00
8.149219512939453125e+00 1.829973101615905762e+00 9.217485427856445312e+00
1.777816414833068848e+00 9.859300851821899414e-01 8.599905967712402344e+00
7.702791690826416016e-01 1.052773475646972656e+00 1.007181644439697266e+01
2.428858280181884766e-01 1.210131049156188965e+00 8.893692016601562500e+00
-3.664618492126464844e+00 2.220667839050292969e+00 5.100312709808349609e+00
-2.178737878799438477e+00 2.151384830474853516e+00 5.696588039398193359e+00
5.329236984252929688e+00 -2.484351873397827148e+00 3.903720617294311523e+00
4.443690299987792969e+00 -4.481934547424316406e+00 3.433789491653442383e+00
4.844215869903564453e+00 -4.635723590850830078e+00 2.779105424880981445e+00
4.235778331756591797e+00 -3.111118078231811523e+00 1.870918273925781250e+00
8.060994148254394531e+00 9.859235882759094238e-01 8.599896430969238281e+00
-3.222539663314819336e+00 5.613451004028320312e-01 2.838404893875122070e+00
-6.666382312774658203e+00 3.185558557510375977e+00 6.244036197662353516e+00
-6.752414226531982422e+00 3.312057018280029297e+00 6.016757965087890625e+00
-5.832390785217285156e+00 2.677763223648071289e+00 4.980436325073242188e+00
-3.206412792205810547e+00 1.931880593299865723e+00 4.239354610443115234e+00
6.392906665802001953e+00 -1.949542313814163208e-01 3.396049022674560547e+00
4.829512119293212891e+00 -2.851774930953979492e+00 3.756344318389892578e+00
4.610108375549316406e+00 -3.891773939132690430e+00 3.141621828079223633e+00
4.887393951416015625e+00 -3.069718122482299805e+00 2.425371170043945312e+00
3.060655117034912109e+00 5.613371729850769043e-01 2.838400125503540039e+00
-5.250802516937255859e+00 1.867676377296447754e+00 4.204133510589599609e+00
-7.311696052551269531e+00 2.835024833679199219e+00 6.195264816284179688e+00
-6.914044857025146484e+00 2.791946649551391602e+00 5.590592861175537109e+00
-3.352398157119750977e+00 1.445990681648254395e+00 3.137230157852172852e+00
1.872907280921936035e+00 6.219654560089111328e+00 -2.153545856475830078e+00
1.050356268882751465e+00 5.375156402587890625e+00 -1.236854195594787598e+00
5.719986438751220703e+00 -1.331613659858703613e+00 4.087409019470214844e+00
4.810894489288330078e+00 -2.852890014648437500e+00 3.443271875381469727e+00
5.295571327209472656e+00 -2.364091873168945312e+00 2.809553384780883789e+00
1.032395482063293457e+00 1.867671728134155273e+00 4.204121589660644531e+00
-4.156047344207763672e+00 1.792624473571777344e+00 3.018690347671508789e+00
-6.716839313507080078e+00 2.605669021606445312e+00 5.122448444366455078e+00
-3.228763103485107422e+00 1.682072281837463379e+00 2.625411272048950195e+00
2.892088890075683594e+00 5.272270679473876953e+00 -3.386554241180419922e+00
2.751012563705444336e+00 5.303306102752685547e+00 -3.983730554580688477e+00
5.383734107017517090e-01 5.522825717926025391e+00 -1.348466753959655762e+00
6.106011867523193359e+00 -2.755927443504333496e-01 4.156899929046630859e+00
5.109333515167236328e+00 -2.067733526229858398e+00 3.686917781829833984e+00
5.572291374206542969e+00 -1.703242540359497070e+00 2.999270200729370117e+00
2.127166748046875000e+00 1.792613029479980469e+00 3.018668174743652344e+00
-3.853965044021606445e+00 2.140910148620605469e+00 2.505703210830688477e+00
-3.309963703155517578e+00 2.213032722473144531e+00 2.200980424880981445e+00
5.416562080383300781e+00 5.048274040222167969e+00 2.947639226913452148e-01
2.814631223678588867e+00 4.485917568206787109e+00 -3.911484956741333008e+00
2.284341573715209961e+00 4.702402591705322266e+00 -3.900675535202026367e+00
4.364565908908843994e-01 4.722284793853759766e+00 -1.582494378089904785e+00
5.830615520477294922e+00 -2.631137967109680176e-01 4.265826225280761719e+00
5.239907264709472656e+00 -1.651303410530090332e+00 3.673275709152221680e+00
5.719323158264160156e+00 -8.661664128303527832e-01 2.884279489517211914e+00
2.429214000701904297e+00 2.140912055969238281e+00 2.505707502365112305e+00
-3.117429971694946289e+00 2.470026731491088867e+00 1.760391592979431152e+00
1.450948953628540039e+00 8.414417266845703125e+00 7.548070430755615234e+00
7.403158187866210938e+00 5.035262107849121094e+00 1.933685541152954102e+00
6.830769538879394531e+00 4.763494014739990234e+00 1.481692671775817871e+00
3.216442584991455078e+00 3.706403732299804688e+00 -1.183385491371154785e+00
5.863078594207763672e+00 1.373946666717529297e+00 3.306610107421875000e+00
5.341925621032714844e+00 -6.894896626472473145e-01 4.086632251739501953e+00
5.487512588500976562e+00 -1.128892183303833008e+00 3.417268991470336914e+00
4.894787311553955078e+00 6.392481327056884766e-01 2.128901958465576172e+00
3.165750980377197266e+00 2.470031738281250000e+00 1.760389685630798340e+00
2.500249862670898438e+00 8.520205497741699219e+00 7.199289321899414062e+00
1.718624949455261230e+00 9.589507102966308594e+00 8.179864883422851562e+00
6.272603511810302734e+00 4.872570991516113281e+00 2.525562763214111328e+00
8.388141632080078125e+00 5.185133934020996094e+00 1.775187373161315918e+00
5.845249176025390625e+00 3.162379264831542969e+00 3.584051370620727539e+00
4.994037151336669922e+00 5.322815179824829102e-01 4.074346542358398438e+00
5.263039588928222656e+00 -5.780387520790100098e-01 3.687508344650268555e+00
5.555005073547363281e+00 -1.049536168575286865e-01 2.950030803680419922e+00
3.858350992202758789e+00 2.076770544052124023e+00 1.500048875808715820e+00
8.783438682556152344e+00 8.520203590393066406e+00 7.199285984039306641e+00
2.812683820724487305e+00 2.866762399673461914e+00 6.861188888549804688e+00
1.452367424964904785e+00 3.235002517700195312e+00 8.834292411804199219e+00
7.005290985107421875e-01 3.131098747253417969e+00 9.343018531799316406e+00
6.261111736297607422e+00 -1.756999731063842773e+00 2.660729169845581055e+00
6.177845954895019531e+00 -2.968239068984985352e+00 2.910151243209838867e+00
5.698280334472656250e+00 -4.617390155792236328e+00 3.135823249816894531e+00
5.853196620941162109e+00 -5.498494625091552734e+00 3.281876564025878906e+00
5.185718059539794922e+00 -4.819834232330322266e+00 1.849963665008544922e+00
3.665837287902832031e+00 -3.406093120574951172e+00 9.281995892524719238e-01
9.095868110656738281e+00 2.866762876510620117e+00 6.861191272735595703e+00
1.072298288345336914e+00 2.360990047454833984e+00 9.783475875854492188e+00
-1.387301564216613770e+00 1.822916269302368164e+00 1.157957458496093750e+01
-1.203081369400024414e+00 1.827490329742431641e+00 1.106926727294921875e+01
3.665602952241897583e-02 2.424553632736206055e+00 9.616527557373046875e+00
5.893537521362304688e+00 -2.644706487655639648e+00 3.285370349884033203e+00
5.236377716064453125e+00 -4.495675086975097656e+00 3.546496391296386719e+00
5.566607475280761719e+00 -5.189411163330078125e+00 3.138060092926025391e+00
4.886428356170654297e+00 -4.370137691497802734e+00 1.671503305435180664e+00
8.629374504089355469e+00 8.831695318222045898e-01 7.505821228027343750e+00
7.355480194091796875e+00 2.360993385314941406e+00 9.783476829528808594e+00
-3.541251420974731445e-01 1.614993691444396973e+00 1.178490924835205078e+01
-1.183643102645874023e+00 1.112585067749023438e+00 1.213045501708984375e+01
-1.288006901741027832e+00 9.924002885818481445e-01 1.139656162261962891e+01
-4.023803472518920898e-01 1.519933342933654785e+00 1.029064941406250000e+01
-3.936631977558135986e-01 2.199584722518920898e+00 8.207266807556152344e+00
5.415054798126220703e+00 -3.034942388534545898e+00 3.383033990859985352e+00
5.168817996978759766e+00 -4.479794502258300781e+00 3.186700105667114258e+00
4.973686695098876953e+00 -4.155591487884521484e+00 2.156568288803100586e+00
8.864894866943359375e+00 1.104118824005126953e+00 7.785693645477294922e+00
5.929068565368652344e+00 1.614994049072265625e+00 1.178490066528320312e+01
1.266844987869262695e+00 1.005239963531494141e+00 9.565649986267089844e+00
-1.857177317142486572e-01 7.908361554145812988e-01 1.115776634216308594e+01
4.507928714156150818e-02 1.081744790077209473e+00 1.001381778717041016e+01
-4.520920276641845703e+00 3.021174907684326172e+00 4.921531677246093750e+00
-4.652968883514404297e+00 2.882087230682373047e+00 4.793519020080566406e+00
-2.067756891250610352e+00 2.252682685852050781e+00 6.182252407073974609e+00
5.569348335266113281e+00 -2.480465888977050781e+00 3.064001321792602539e+00
5.156203746795654297e+00 -3.202829360961914062e+00 2.632760763168334961e+00
4.473089218139648438e+00 -1.386404871940612793e+00 2.143936634063720703e+00
7.550030708312988281e+00 1.005240440368652344e+00 9.565650939941406250e+00
-7.128060340881347656e+00 3.467049121856689453e+00 6.729856491088867188e+00
-7.028520107269287109e+00 3.967205524444580078e+00 6.335903167724609375e+00
-7.148913383483886719e+00 3.910807847976684570e+00 5.951023578643798828e+00
-7.104117393493652344e+00 3.561130285263061523e+00 5.689739704132080078e+00
-6.160870075225830078e+00 2.977019071578979492e+00 5.043758392333984375e+00
-4.276651859283447266e+00 2.183614730834960938e+00 4.212451457977294922e+00
-1.921845555305480957e+00 2.266792774200439453e+00 5.861698627471923828e+00
1.312013983726501465e+00 1.841656088829040527e+00 3.817568778991699219e+00
-7.683212757110595703e-01 2.724366426467895508e+00 6.757931232452392578e+00
-8.448745012283325195e-01 3.467049121856689453e+00 6.729856967926025391e+00
-8.819030761718750000e+00 2.783133029937744141e+00 5.399521827697753906e+00
-8.604885101318359375e+00 3.105706453323364258e+00 5.298197269439697266e+00
-7.919713020324707031e+00 3.213920831680297852e+00 5.402524471282958984e+00
-6.662958145141601562e+00 2.975518465042114258e+00 4.923447608947753906e+00
-3.608228445053100586e+00 1.739212155342102051e+00 3.105342864990234375e+00
3.016367435455322266e+00 4.902088165283203125e+00 4.989340007305145264e-01
2.519563198089599609e+00 3.963095188140869141e+00 1.160420536994934082e+00
-8.153689503669738770e-01 2.466416597366333008e+00 5.177303791046142578e+00
-1.914433479309082031e+00 2.447992801666259766e+00 5.889081478118896484e+00
-2.535848617553710938e+00 2.783131361007690430e+00 5.399518966674804688e+00
-8.273467063903808594e+00 2.613475799560546875e+00 5.203882694244384766e+00
-7.735699653625488281e+00 2.972683906555175781e+00 5.056231498718261719e+00
-5.129885673522949219e+00 3.147356510162353516e+00 3.279904842376708984e+00
-3.262987613677978516e+00 2.588302373886108398e+00 3.124041080474853516e+00
2.644062757492065430e+00 5.461808204650878906e+00 -2.977831363677978516e+00
1.598828077316284180e+00 5.824168205261230469e+00 -2.356500864028930664e+00
1.311293482780456543e+00 5.206619262695312500e+00 -1.420416474342346191e+00
3.800533533096313477e+00 2.391418695449829102e+00 5.178434848785400391e-01
4.064915701746940613e-03 2.764009952545166016e+00 4.306587696075439453e+00
-1.990281701087951660e+00 2.613476514816284180e+00 5.203880786895751953e+00
-4.816782474517822266e+00 3.370168209075927734e+00 2.734934806823730469e+00
-3.644304037094116211e+00 3.227119922637939453e+00 1.810440301895141602e+00
1.501823782920837402e+00 7.394188404083251953e+00 7.360105991363525391e+00
4.961056232452392578e+00 4.802731037139892578e+00 -1.035017594695091248e-01
2.450595855712890625e+00 4.727353572845458984e+00 -3.679827213287353516e+00
1.052593111991882324e+00 5.095552444458007812e+00 -2.312849283218383789e+00
1.155881643295288086e+00 4.405614852905273438e+00 -1.421875476837158203e+00
5.392291545867919922e+00 1.302024245262145996e+00 1.810965180397033691e+00
3.452724456787109375e+00 2.646849632263183594e+00 8.056969046592712402e-01
1.466398596763610840e+00 3.370167016983032227e+00 2.734940290451049805e+00
-3.178636550903320312e+00 3.207237005233764648e+00 1.423762559890747070e+00
2.296538114547729492e+00 9.598178863525390625e+00 6.941827774047851562e+00
1.366275072097778320e+00 9.653338432312011719e+00 7.919572830200195312e+00
6.994534492492675781e+00 4.657158374786376953e+00 1.927064299583435059e+00
2.573244810104370117e+00 4.035971164703369141e+00 -1.966356277465820312e+00
1.579813480377197266e+00 4.009121417999267578e+00 -1.835144042968750000e+00
5.715687274932861328e+00 1.453173398971557617e+00 2.186668634414672852e+00
5.731208324432373047e+00 9.438930749893188477e-01 2.419588804244995117e+00
3.510679483413696289e+00 2.794015884399414062e+00 5.997127294540405273e-01
3.104544878005981445e+00 3.207241296768188477e+00 1.423764467239379883e+00
2.812683343887329102e+00 9.149950027465820312e+00 6.861187934875488281e+00
1.452357888221740723e+00 9.518185615539550781e+00 8.834301948547363281e+00
7.005265355110168457e-01 9.414280891418457031e+00 9.343019485473632812e+00
6.261109352111816406e+00 4.526192665100097656e+00 2.660725593566894531e+00
6.177843093872070312e+00 3.314943075180053711e+00 2.910149812698364258e+00
5.698279857635498047e+00 1.665794491767883301e+00 3.135824918746948242e+00
5.853197097778320312e+00 7.846877574920654297e-01 3.281879663467407227e+00
5.185719013214111328e+00 1.463350415229797363e+00 1.849964976310729980e+00
3.665835380554199219e+00 2.877094030380249023e+00 9.281988739967346191e-01
9.095869064331054688e+00 9.149947166442871094e+00 6.861190319061279297e+00
2.751399755477905273e+00 3.376956224441528320e+00 6.927608489990234375e+00
2.275533199310302734e+00 4.189890861511230469e+00 7.569259166717529297e+00
1.644365310668945312e+00 4.172760009765625000e+00 8.293653488159179688e+00
6.282669305801391602e-01 3.351042985916137695e+00 8.946846961975097656e+00
6.139343261718750000e+00 -2.483192205429077148e+00 2.760682106018066406e+00
5.427966594696044922e+00 -3.409301996231079102e+00 1.603312611579895020e+00
3.949394464492797852e+00 -3.388778924942016602e+00 6.832382082939147949e-02
3.732796430587768555e+00 -3.209299087524414062e+00 1.468041986227035522e-01
9.371493339538574219e+00 2.125147581100463867e+00 6.653708457946777344e+00
9.034584045410156250e+00 3.376954317092895508e+00 6.927614688873291016e+00
-1.158623814582824707e+00 2.087991952896118164e+00 1.173304653167724609e+01
-1.736704826354980469e+00 2.072851419448852539e+00 1.120773696899414062e+01
-3.677777945995330811e-01 3.055517673492431641e+00 1.020025825500488281e+01
-1.043499782681465149e-01 2.909524440765380859e+00 9.727134704589843750e+00
6.648707389831542969e-02 2.852325916290283203e+00 8.617948532104492188e+00
5.620890617370605469e+00 -3.177764415740966797e+00 2.909858465194702148e+00
5.343273162841796875e+00 -3.954466581344604492e+00 2.158384323120117188e+00
4.208315849304199219e+00 -3.358740329742431641e+00 1.360756158828735352e+00
9.733744621276855469e+00 1.894376397132873535e+00 7.670518398284912109e+00
5.124563217163085938e+00 2.087992191314697266e+00 1.173304748535156250e+01
-9.259343743324279785e-01 1.398220896720886230e+00 1.281029987335205078e+01
-2.040202617645263672e+00 1.030488133430480957e+00 1.150560569763183594e+01
-1.761488318443298340e+00 1.525079965591430664e+00 1.090170383453369141e+01
-5.609220266342163086e-01 2.316180229187011719e+00 1.000377655029296875e+01
-5.611608028411865234e-01 2.425779819488525391e+00 8.197676658630371094e+00
-6.374613046646118164e-01 2.646835088729858398e+00 7.753378868103027344e+00
5.581324100494384766e+00 -2.233721256256103516e+00 2.435001611709594727e+00
4.426633358001708984e+00 -2.400072813034057617e+00 1.870689034461975098e+00
7.280262470245361328e+00 1.621881604194641113e+00 1.032973861694335938e+01
5.357254505157470703e+00 1.398219227790832520e+00 1.281030273437500000e+01
-5.458863377571105957e-01 7.418377995491027832e-01 1.209083938598632812e+01
-1.344424962997436523e+00 4.151889681816101074e-01 1.156264400482177734e+01
-1.056941270828247070e+00 1.113578796386718750e+00 1.074909782409667969e+01
-2.410334587097167969e+00 2.791419267654418945e+00 6.103615283966064453e+00
-5.385679244995117188e+00 3.651660203933715820e+00 4.575393676757812500e+00
-4.873226642608642578e+00 3.225119113922119141e+00 4.558341979980468750e+00
-2.449300289154052734e+00 2.686454057693481445e+00 5.892405986785888672e+00
-5.663338899612426758e-01 3.172262191772460938e+00 7.212344646453857422e+00
1.587393164634704590e+00 2.199236869812011719e+00 4.859633922576904297e+00
5.737298965454101562e+00 7.418354749679565430e-01 1.209084129333496094e+01
-6.890789508819580078e+00 4.362279891967773438e+00 6.321987628936767578e+00
-6.392857551574707031e+00 4.226569175720214844e+00 5.523317337036132812e+00
-6.334631443023681641e+00 4.107942581176757812e+00 5.016077518463134766e+00
-6.475543022155761719e+00 3.887776374816894531e+00 4.759969234466552734e+00
-6.531362533569335938e+00 3.528057098388671875e+00 4.809844493865966797e+00
-5.927649974822998047e+00 3.132178068161010742e+00 4.598731040954589844e+00
-4.951276302337646484e+00 2.833254098892211914e+00 4.267160415649414062e+00
-4.026473999023437500e+00 2.882687568664550781e+00 4.494434833526611328e+00
-2.604218959808349609e+00 3.274103641510009766e+00 5.378679275512695312e+00
-6.075968742370605469e-01 4.362286090850830078e+00 6.321988582611083984e+00
-9.277673721313476562e+00 3.215263128280639648e+00 4.528469085693359375e+00
-7.848880290985107422e+00 3.757604122161865234e+00 5.129328250885009766e+00
-6.425928592681884766e+00 3.826424121856689453e+00 4.380094051361083984e+00
-5.157139778137207031e+00 3.568995237350463867e+00 3.295913696289062500e+00
-4.628082275390625000e+00 2.921340465545654297e+00 3.071685552597045898e+00
-3.852982759475708008e+00 2.113220214843750000e+00 3.097360610961914062e+00
-3.784423589706420898e+00 2.063558816909790039e+00 3.572008848190307617e+00
-3.942137479782104492e+00 2.346045017242431641e+00 3.929716110229492188e+00
-3.846872568130493164e+00 2.730761051177978516e+00 4.088909626007080078e+00
-2.994492292404174805e+00 3.215262889862060547e+00 4.528467655181884766e+00
-8.001125335693359375e+00 3.196038722991943359e+00 4.720719814300537109e+00
-5.331539154052734375e+00 3.883080720901489258e+00 3.285123586654663086e+00
-2.557881116867065430e+00 4.388234615325927734e+00 4.718744277954101562e+00
-7.120420336723327637e-01 5.280886650085449219e+00 6.234906673431396484e+00
4.027715682983398438e+00 5.390316009521484375e+00 6.502357721328735352e-01
2.679046154022216797e+00 5.562253952026367188e+00 -2.279063224792480469e+00
2.318300008773803711e+00 5.664078712463378906e+00 -1.835027456283569336e+00
2.904795646667480469e+00 4.654314994812011719e+00 5.316836833953857422e-01
-2.109587907791137695e+00 2.783987522125244141e+00 4.635220527648925781e+00
-1.717940092086791992e+00 3.196038246154785156e+00 4.720719814300537109e+00
-3.690011024475097656e+00 3.899142265319824219e+00 1.457988381385803223e+00
2.370339870452880859e+00 9.179244041442871094e+00 6.429759025573730469e+00
2.033306837081909180e+00 1.012674713134765625e+01 6.901714324951171875e+00
4.541402161121368408e-01 8.316729545593261719e+00 6.948635578155517578e+00
3.285653591156005859e+00 4.613360881805419922e+00 -1.809275031089782715e+00
2.025608301162719727e+00 5.043188095092773438e+00 -3.045816183090209961e+00
1.391274929046630859e+00 5.348222732543945312e+00 -2.046879768371582031e+00
1.917311787605285645e+00 4.966608524322509766e+00 -1.489105939865112305e+00
2.916190624237060547e+00 4.368316173553466797e+00 -4.958232492208480835e-02
2.593171358108520508e+00 3.899144411087036133e+00 1.457991600036621094e+00
2.595152854919433594e+00 9.225484848022460938e+00 6.272368907928466797e+00
2.359954595565795898e+00 1.061886405944824219e+01 6.475464820861816406e+00
2.028599023818969727e+00 1.055350971221923828e+01 7.539389610290527344e+00
4.846864342689514160e-01 9.216405868530273438e+00 7.791011810302734375e+00
5.799646377563476562e+00 4.073854446411132812e+00 1.145883917808532715e+00
1.752012252807617188e+00 4.345629692077636719e+00 -2.291651964187622070e+00
1.481255650520324707e+00 4.418251037597656250e+00 -1.771480679512023926e+00
2.245891332626342773e+00 4.103534221649169922e+00 -1.179474830627441406e+00
3.239983081817626953e+00 3.670150756835937500e+00 2.529722750186920166e-01
8.878335952758789062e+00 9.225490570068359375e+00 6.272363185882568359e+00
2.751398324966430664e+00 9.660148620605468750e+00 6.927598953247070312e+00
2.275529146194458008e+00 1.047306919097900391e+01 7.569265365600585938e+00
1.644359230995178223e+00 1.045594024658203125e+01 8.293663024902343750e+00
6.282695531845092773e-01 9.634228706359863281e+00 8.946846961975097656e+00
6.139339923858642578e+00 3.799993038177490234e+00 2.760681390762329102e+00
5.427969455718994141e+00 2.873882770538330078e+00 1.603317737579345703e+00
3.949389457702636719e+00 2.894411325454711914e+00 6.831623613834381104e-02
3.732793092727661133e+00 3.073887109756469727e+00 1.468009054660797119e-01
9.371487617492675781e+00 8.408338546752929688e+00 6.653703689575195312e+00
9.034584045410156250e+00 9.660143852233886719e+00 6.927608966827392578e+00
2.247106075286865234e+00 4.439249992370605469e+00 5.768806457519531250e+00
2.344777822494506836e+00 5.986962795257568359e+00 5.485227584838867188e+00
2.614929914474487305e+00 6.330639839172363281e+00 5.988415718078613281e+00
1.564720511436462402e+00 4.757324218750000000e+00 7.773602962493896484e+00
3.737008897587656975e-03 2.994449377059936523e+00 7.559166908264160156e+00
5.602358341217041016e+00 -3.182913064956665039e+00 2.017724514007568359e+00
4.339893817901611328e+00 -3.210845708847045898e+00 5.308040976524353027e-01
9.376668930053710938e+00 1.464084744453430176e+00 6.894450187683105469e+00
1.014157581329345703e+01 2.084368467330932617e+00 6.718191146850585938e+00
8.530293464660644531e+00 4.439248085021972656e+00 5.768808364868164062e+00
-1.140003323554992676e+00 2.427302122116088867e+00 1.128529357910156250e+01
2.860624074935913086e+00 5.284907817840576172e+00 6.080900192260742188e+00
2.686786651611328125e+00 6.676152706146240234e+00 5.618390560150146484e+00
2.573993921279907227e+00 6.024913311004638672e+00 6.735701084136962891e+00
1.216456145048141479e-01 3.634509563446044922e+00 8.158805847167968750e+00
-4.768048226833343506e-02 2.166973590850830078e+00 5.799517631530761719e+00
4.625761985778808594e+00 -3.039714574813842773e+00 1.682810306549072266e+00
1.037385940551757812e+01 1.422265410423278809e+00 7.465275287628173828e+00
7.588015556335449219e+00 2.288542985916137695e+00 9.691535949707031250e+00
5.143189430236816406e+00 2.427306413650512695e+00 1.128528881072998047e+01
-1.709388613700866699e+00 1.369231820106506348e+00 1.234494972229003906e+01
-2.313945055007934570e+00 1.820564389228820801e+00 1.087197399139404297e+01
2.957676172256469727e+00 6.470604896545410156e+00 5.580172061920166016e+00
2.875888586044311523e+00 6.755660057067871094e+00 6.233319759368896484e+00
1.075155660510063171e-01 4.168778419494628906e+00 7.735068321228027344e+00
-1.717208743095397949e+00 3.259134292602539062e+00 6.446060657501220703e+00
-2.627218961715698242e-01 3.342052936553955078e+00 6.999554634094238281e+00
8.509603500366210938e+00 1.338498950004577637e+00 9.160106658935546875e+00
5.803800582885742188e+00 1.694969296455383301e+00 1.329348754882812500e+01
4.573795318603515625e+00 1.369231462478637695e+00 1.234494972229003906e+01
-1.261379361152648926e+00 6.665771603584289551e-01 1.237454414367675781e+01
-2.314653396606445312e+00 9.601545929908752441e-01 1.072411632537841797e+01
3.137627124786376953e+00 6.449118137359619141e+00 5.821815967559814453e+00
2.900946617126464844e+00 7.051263809204101562e+00 6.308495044708251953e+00
-1.835735082626342773e+00 3.985582351684570312e+00 5.935194015502929688e+00
-4.587078571319580078e+00 3.639835119247436523e+00 3.926314115524291992e+00
-3.599104642868041992e+00 3.403314590454101562e+00 4.607399940490722656e+00
-9.488570690155029297e-02 4.311910152435302734e+00 6.727216720581054688e+00
5.903601646423339844e+00 9.218603372573852539e-01 1.265051269531250000e+01
5.021805763244628906e+00 6.665754318237304688e-01 1.237454223632812500e+01
-9.272884130477905273e-01 3.132562041282653809e-01 1.125295639038085938e+01
-1.361573696136474609e+00 1.693871021270751953e+00 1.056887149810791016e+01
2.990022897720336914e+00 7.237245559692382812e+00 6.000218868255615234e+00
2.759984016418457031e+00 7.495234012603759766e+00 6.584598541259765625e+00
-3.909271717071533203e+00 3.881222724914550781e+00 3.462350368499755859e+00
-4.786167144775390625e+00 3.438034057617187500e+00 3.338582754135131836e+00
-4.763812065124511719e+00 3.231046676635742188e+00 3.624548673629760742e+00
-3.865866899490356445e+00 3.375467777252197266e+00 4.032307624816894531e+00
-3.269541859626770020e-01 4.703192710876464844e+00 6.308399677276611328e+00
5.355898380279541016e+00 3.132572472095489502e-01 1.125295734405517578e+01
-6.936585426330566406e+00 4.362807273864746094e+00 5.284191608428955078e+00
2.306690216064453125e+00 5.792262077331542969e+00 7.278541564941406250e+00
2.158772230148315430e+00 8.890976905822753906e+00 6.086271286010742188e+00
2.179228305816650391e+00 8.875412940979003906e+00 6.693412303924560547e+00
-1.876185178756713867e+00 4.634614944458007812e+00 5.284018516540527344e+00
-3.728534698486328125e+00 2.875067472457885742e+00 2.803134202957153320e+00
-3.838540554046630859e+00 2.566679716110229492e+00 3.129770517349243164e+00
-3.860139608383178711e+00 2.778326749801635742e+00 3.482588291168212891e+00
-2.912681341171264648e+00 3.432054519653320312e+00 4.356074810028076172e+00
-6.534025073051452637e-01 4.362807750701904297e+00 5.284195423126220703e+00
-5.261581897735595703e+00 4.099141120910644531e+00 3.437318086624145508e+00
2.016350507736206055e+00 9.246404647827148438e+00 5.847684860229492188e+00
1.718572378158569336e+00 1.051654911041259766e+01 6.231626987457275391e+00
1.672008872032165527e+00 9.955747604370117188e+00 7.139581680297851562e+00
4.159799814224243164e-01 7.038486480712890625e+00 5.796439170837402344e+00
4.141725540161132812e+00 5.240450859069824219e+00 -5.422874689102172852e-01
3.412031888961791992e+00 5.322279930114746094e+00 -8.825346827507019043e-01
1.017817735671997070e+00 4.427008152008056641e+00 3.099635124206542969e+00
-1.128707766532897949e+00 3.685702323913574219e+00 4.539515018463134766e+00
1.021595478057861328e+00 4.099140167236328125e+00 3.437325477600097656e+00
2.369073867797851562e+00 9.036042213439941406e+00 5.797575950622558594e+00
1.663819193840026855e+00 1.102334594726562500e+01 5.833822727203369141e+00
2.096762418746948242e+00 1.135241413116455078e+01 6.464613437652587891e+00
1.253018617630004883e+00 1.010957813262939453e+01 7.727402210235595703e+00
6.244825839996337891e+00 4.658471107482910156e+00 1.543025374412536621e+00
2.545103311538696289e+00 4.786055564880371094e+00 -2.514037132263183594e+00
2.089946269989013672e+00 5.195174694061279297e+00 -2.327396869659423828e+00
2.595936775207519531e+00 4.961250305175781250e+00 -1.349359273910522461e+00
2.899016618728637695e+00 4.217927455902099609e+00 9.982699751853942871e-01
8.652256011962890625e+00 9.036045074462890625e+00 5.797574520111083984e+00
1.808728337287902832e+00 1.039980220794677734e+01 5.600975990295410156e+00
2.074022769927978516e+00 1.195824909210205078e+01 5.707488536834716797e+00
2.400723934173583984e+00 1.191405391693115234e+01 6.419584751129150391e+00
1.165521860122680664e+00 1.036606025695800781e+01 8.018560409545898438e+00
6.223957538604736328e+00 4.100351333618164062e+00 2.265216350555419922e+00
2.964185953140258789e+00 4.065473556518554688e+00 -1.478467464447021484e+00
2.091160535812377930e+00 4.434854507446289062e+00 -1.829599738121032715e+00
3.139170646667480469e+00 3.956849813461303711e+00 -4.607906043529510498e-01
9.226693153381347656e+00 8.613419532775878906e+00 6.074921607971191406e+00
8.091912269592285156e+00 1.039980506896972656e+01 5.600973606109619141e+00
2.247100591659545898e+00 1.072244358062744141e+01 5.768800258636474609e+00
2.344773292541503906e+00 1.227014350891113281e+01 5.485229969024658203e+00
2.614926815032958984e+00 1.261382770538330078e+01 5.988413333892822266e+00
1.564728140830993652e+00 1.104051780700683594e+01 7.773594856262207031e+00
3.734649159014225006e-03 9.277637481689453125e+00 7.559165954589843750e+00
5.602360248565673828e+00 3.100269317626953125e+00 2.017732858657836914e+00
4.339879035949707031e+00 3.072347640991210938e+00 5.307860970497131348e-01
9.376659393310546875e+00 7.747262954711914062e+00 6.894454002380371094e+00
1.014158153533935547e+01 8.367548942565917969e+00 6.718194007873535156e+00
8.530289649963378906e+00 1.072244167327880859e+01 5.768804073333740234e+00
1.498990058898925781e+00 4.304599285125732422e+00 5.331238269805908203e+00
1.647637009620666504e+00 6.492388725280761719e+00 5.678884983062744141e+00
2.035225391387939453e+00 6.953312873840332031e+00 6.254249572753906250e+00
1.526476263999938965e+00 5.513498783111572266e+00 7.187417030334472656e+00
-1.611690223217010498e-01 3.039579868316650391e+00 7.003993988037109375e+00
4.895697593688964844e+00 -3.156988143920898438e+00 1.600098729133605957e+00
9.562446594238281250e+00 1.527626872062683105e+00 6.779575347900390625e+00
1.245017147064208984e+01 5.595368742942810059e-01 8.383082389831542969e+00
1.266106414794921875e+01 6.015456318855285645e-01 8.798594474792480469e+00
7.782176494598388672e+00 4.304609775543212891e+00 5.331238746643066406e+00
2.723518133163452148e+00 3.800289630889892578e+00 6.815325736999511719e+00
1.985096454620361328e+00 6.511212348937988281e+00 5.167553424835205078e+00
1.771302461624145508e+00 7.694926738739013672e+00 5.936174869537353516e+00
2.232579946517944336e+00 7.109484672546386719e+00 6.564544677734375000e+00
5.505975484848022461e-01 4.783222675323486328e+00 7.392618179321289062e+00
3.444334983825683594e+00 -1.429632306098937988e-01 2.823563814163208008e+00
1.070350933074951172e+01 1.071687459945678711e+00 7.550569534301757812e+00
1.134586620330810547e+01 5.907208323478698730e-01 8.059005737304687500e+00
9.598837852478027344e+00 1.861580371856689453e+00 8.015142440795898438e+00
9.006704330444335938e+00 3.800287485122680664e+00 6.815321445465087891e+00
-2.353884458541870117e+00 1.567248940467834473e+00 1.182553386688232422e+01
2.910769939422607422e+00 5.630178451538085938e+00 5.562191009521484375e+00
1.655299186706542969e+00 7.929541587829589844e+00 5.542839527130126953e+00
1.836938142776489258e+00 8.316436767578125000e+00 6.302204608917236328e+00
1.895907044410705566e+00 6.512038707733154297e+00 7.065994262695312500e+00
-8.972908370196819305e-03 4.607975006103515625e+00 7.074276924133300781e+00
8.384525299072265625e+00 1.158916473388671875e+00 9.310725212097167969e+00
6.045146465301513672e+00 1.839843988418579102e+00 1.321027946472167969e+01
6.181067466735839844e+00 1.837562441825866699e+00 1.410680675506591797e+01
3.929306745529174805e+00 1.567246556282043457e+00 1.182553958892822266e+01
-2.135817050933837891e+00 8.444354534149169922e-01 1.175552749633789062e+01
2.991552829742431641e+00 5.116897583007812500e+00 6.848755836486816406e+00
1.645728111267089844e+00 8.185708045959472656e+00 5.394786357879638672e+00
1.450922012329101562e+00 9.050946235656738281e+00 6.280928611755371094e+00
2.208663225173950195e+00 7.881364822387695312e+00 6.803027629852294922e+00
-1.088240146636962891e+00 4.584118843078613281e+00 6.213926792144775391e+00
-7.058952748775482178e-02 4.847854137420654297e+00 6.748124122619628906e+00
6.136249542236328125e+00 1.064131617546081543e+00 1.286049842834472656e+01
6.715729713439941406e+00 1.317654848098754883e+00 1.422121143341064453e+01
4.147359371185302734e+00 8.444362878799438477e-01 1.175551700592041016e+01
-2.341182708740234375e+00 2.431501746177673340e-01 1.061396217346191406e+01
2.845548152923583984e+00 6.875694751739501953e+00 4.978761672973632812e+00
1.274558663368225098e+00 9.019927978515625000e+00 5.706656455993652344e+00
1.300240993499755859e+00 9.744511604309082031e+00 6.450962543487548828e+00
1.906846523284912109e+00 8.606375694274902344e+00 6.959207057952880859e+00
-1.476953268051147461e+00 4.700606822967529297e+00 5.689843177795410156e+00
-3.217451333999633789e+00 3.775790929794311523e+00 4.115718841552734375e+00
-1.202161088585853577e-01 4.959692001342773438e+00 6.265189647674560547e+00
5.170563697814941406e+00 1.358417570590972900e-01 1.204257678985595703e+01
3.942001342773437500e+00 2.431511729955673218e-01 1.061396121978759766e+01
2.146523475646972656e+00 4.833763122558593750e+00 7.975988388061523438e+00
2.113266706466674805e+00 8.244380950927734375e+00 5.174788475036621094e+00
9.833512306213378906e-01 1.025564670562744141e+01 6.168937206268310547e+00
1.363126397132873535e+00 1.031860351562500000e+01 6.779652118682861328e+00
1.404738545417785645e+00 8.833514213562011719e+00 7.322157382965087891e+00
-8.219378590583801270e-01 5.270312786102294922e+00 5.837947368621826172e+00
-3.049459457397460938e+00 3.468549251556396484e+00 3.823951005935668945e+00
-2.341601848602294922e+00 3.848529100418090820e+00 4.645199298858642578e+00
1.927052378654479980e+00 3.257241487503051758e+00 4.957383632659912109e+00
8.429674148559570312e+00 4.833743572235107422e+00 7.976030826568603516e+00
2.946845054626464844e+00 7.762537956237792969e+00 5.313851356506347656e+00
9.380266666412353516e-01 1.006841468811035156e+01 5.783904552459716797e+00
1.379180788993835449e+00 1.122966575622558594e+01 6.453555583953857422e+00
1.229673743247985840e+00 1.036429595947265625e+01 7.309208869934082031e+00
1.295935750007629395e+00 7.174029827117919922e+00 4.235564231872558594e+00
4.706509590148925781e+00 5.086754798889160156e+00 9.673772752285003662e-02
3.821594715118408203e+00 5.171894073486328125e+00 -1.740472316741943359e-01
4.391853213310241699e-01 4.515874385833740234e+00 3.736189842224121094e+00
9.113541841506958008e-01 4.125007152557373047e+00 4.053608894348144531e+00
9.230025291442871094e+00 7.762544631958007812e+00 5.313850879669189453e+00
2.203494071960449219e+00 8.857644081115722656e+00 5.336430549621582031e+00
1.122860312461853027e+00 1.142723751068115234e+01 6.050051212310791016e+00
1.701903820037841797e+00 1.173593425750732422e+01 6.631884574890136719e+00
8.193443417549133301e-01 1.017856597900390625e+01 7.630759239196777344e+00
6.068826675415039062e+00 4.471707344055175781e+00 1.794724941253662109e+00
3.308933019638061523e+00 4.539550304412841797e+00 -1.454523086547851562e+00
2.748049736022949219e+00 4.862626075744628906e+00 -1.636225938796997070e+00
3.152503490447998047e+00 4.387472152709960938e+00 6.366843581199645996e-01
9.502096176147460938e+00 7.844825744628906250e+00 5.657246112823486328e+00
8.486663818359375000e+00 8.857656478881835938e+00 5.336430072784423828e+00
1.319383978843688965e+00 1.005682754516601562e+01 5.379147052764892578e+00
1.474588871002197266e+00 1.223862838745117188e+01 5.973658084869384766e+00
1.927872896194458008e+00 1.234334278106689453e+01 6.541820526123046875e+00
8.793613910675048828e-01 1.064563846588134766e+01 7.605898857116699219e+00
5.801924228668212891e+00 4.081540107727050781e+00 2.129092693328857422e+00
4.164564132690429688e+00 3.725109338760375977e+00 -1.082196980714797974e-01
3.461262464523315430e+00 3.827400207519531250e+00 -3.206709623336791992e-01
9.492843627929687500e+00 8.106972694396972656e+00 6.014867305755615234e+00
1.223419475555419922e+01 7.143459320068359375e+00 7.941139221191406250e+00
7.602565765380859375e+00 1.005683135986328125e+01 5.379145622253417969e+00
1.498990893363952637e+00 1.058778476715087891e+01 5.331240653991699219e+00
1.647638082504272461e+00 1.277557182312011719e+01 5.678886413574218750e+00
2.035226345062255859e+00 1.323649883270263672e+01 6.254247665405273438e+00
1.526469826698303223e+00 1.179668426513671875e+01 7.187417984008789062e+00
-1.611707210540771484e-01 9.322772026062011719e+00 7.003995895385742188e+00
4.895698070526123047e+00 3.126197099685668945e+00 1.600102186203002930e+00
9.562443733215332031e+00 7.810814380645751953e+00 6.779576301574707031e+00
1.245017147064208984e+01 6.842723369598388672e+00 8.383084297180175781e+00
1.266106224060058594e+01 6.884733676910400391e+00 8.798590660095214844e+00
7.782175540924072266e+00 1.058779430389404297e+01 5.331241607666015625e+00
